gamma
   21.0781   14.4022
   14.4022   25.2023
Overlap Matrix 
   1.0000   0.4535  -0.3516        0        0
   0.4535   1.0000        0        0        0
  -0.3516        0   1.0000        0        0
        0        0        0   1.0000        0
        0        0        0        0   1.0000
Core Hamiltonian Matrix 
  -1.1853e+02  -1.0883e+01   8.4379e+00            0            0
  -1.0883e+01  -2.1049e+02            0            0            0
   8.4379e+00            0  -1.8930e+02            0            0
            0            0            0  -1.8930e+02            0
            0            0            0            0  -1.8930e+02
Iteration: 0
Fock Matrix for Alpha: 
  -1.1853e+02  -1.0883e+01   8.4379e+00            0            0
  -1.0883e+01  -2.1049e+02            0            0            0
   8.4379e+00            0  -1.8930e+02            0            0
            0            0            0  -1.8930e+02            0
            0            0            0            0  -1.8930e+02
Fock Matrix for Beta: 
  -1.1853e+02  -1.0883e+01   8.4379e+00            0            0
  -1.0883e+01  -2.1049e+02            0            0            0
   8.4379e+00            0  -1.8930e+02            0            0
            0            0            0  -1.8930e+02            0
            0            0            0            0  -1.8930e+02
after solving eigen quation: 0
MO Coefficient Matrix for Alpha: 
  -0.1198  -0.1080        0        0  -0.9869
  -0.9918   0.0580        0        0   0.1140
   0.0449   0.9925        0        0  -0.1141
        0        0   1.0000        0        0
        0        0        0   1.0000        0
MO Coefficient Matrix for Beta: 
  -0.1198  -0.1080        0        0  -0.9869
  -0.9918   0.0580        0        0   0.1140
   0.0449   0.9925        0        0  -0.1141
        0        0   1.0000        0        0
        0        0        0   1.0000        0
p: 4 q: 3
Density Matrix for Alpha: 
   0.0260   0.1125  -0.1126        0        0
   0.1125   0.9870   0.0130        0        0
  -0.1126   0.0130   0.9870        0        0
        0        0        0   1.0000        0
        0        0        0        0   1.0000
Density Matrix for Beta: 
   0.0260   0.1125  -0.1126        0        0
   0.1125   0.9870   0.0130        0        0
  -0.1126   0.0130   0.9870        0        0
        0        0        0   1.0000        0
        0        0        0        0        0
Total Density Matrix: 
   0.0520   0.2251  -0.2252        0        0
   0.2251   1.9740   0.0260        0        0
  -0.2252   0.0260   1.9740        0        0
        0        0        0   2.0000        0
        0        0        0        0   1.0000
Total Density Vector
   0.0520
   6.9480
Iteration: 1
Fock Matrix for Alpha: 
  -17.9161  -12.5038   10.0593         0         0
  -12.5038  -59.5096   -0.3278         0         0
   10.0593   -0.3278  -38.3173         0         0
         0         0         0  -38.6453         0
         0         0         0         0  -38.6453
Fock Matrix for Beta: 
  -17.9161  -12.5038   10.0593         0         0
  -12.5038  -59.5096   -0.3278         0         0
   10.0593   -0.3278  -38.3173         0         0
         0         0         0  -38.6453         0
         0         0         0         0  -13.4430
after solving eigen quation: 1
MO Coefficient Matrix for Alpha: 
   0.2858  -0.2973        0        0   0.9110
   0.9528   0.1902        0        0  -0.2368
  -0.1029   0.9357        0        0   0.3376
        0        0   1.0000        0        0
        0        0        0   1.0000        0
MO Coefficient Matrix for Beta: 
   0.2858  -0.2973        0        0   0.9110
   0.9528   0.1902        0        0  -0.2368
  -0.1029   0.9357        0        0   0.3376
        0        0   1.0000        0        0
        0        0        0   1.0000        0
p: 4 q: 3
Density Matrix for Alpha: 
   0.1700   0.2157  -0.3075        0        0
   0.2157   0.9439   0.0799        0        0
  -0.3075   0.0799   0.8861        0        0
        0        0        0   1.0000        0
        0        0        0        0   1.0000
Density Matrix for Beta: 
   0.1700   0.2157  -0.3075        0        0
   0.2157   0.9439   0.0799        0        0
  -0.3075   0.0799   0.8861        0        0
        0        0        0   1.0000        0
        0        0        0        0        0
Total Density Matrix: 
   0.3401   0.4315  -0.6151        0        0
   0.4315   1.8878   0.1599        0        0
  -0.6151   0.1599   1.7721        0        0
        0        0        0   2.0000        0
        0        0        0        0   1.0000
Total Density Vector
   0.3401
   6.6599
Iteration: 2
Fock Matrix for Alpha: 
  -19.0287  -13.9901   12.8669         0         0
  -13.9901  -61.5346   -2.0146         0         0
   12.8669   -2.0146  -38.8842         0         0
         0         0         0  -41.7559         0
         0         0         0         0  -41.7559
Fock Matrix for Beta: 
  -19.0287  -13.9901   12.8669         0         0
  -13.9901  -61.5346   -2.0146         0         0
   12.8669   -2.0146  -38.8842         0         0
         0         0         0  -41.7559         0
         0         0         0         0  -16.5536
after solving eigen quation: 2
MO Coefficient Matrix for Alpha: 
  -0.3041  -0.3607        0        0  -0.8817
  -0.9497   0.1868        0        0   0.2511
   0.0741   0.9138        0        0  -0.3994
        0        0   1.0000        0        0
        0        0        0   1.0000        0
MO Coefficient Matrix for Beta: 
  -0.3041  -0.3607        0        0  -0.8817
  -0.9497   0.1868        0        0   0.2511
   0.0741   0.9138        0        0  -0.3994
        0        0   1.0000        0        0
        0        0        0   1.0000        0
p: 4 q: 3
Density Matrix for Alpha: 
   0.2226   0.2214  -0.3522        0        0
   0.2214   0.9369   0.1003        0        0
  -0.3522   0.1003   0.8405        0        0
        0        0        0   1.0000        0
        0        0        0        0   1.0000
Density Matrix for Beta: 
   0.2226   0.2214  -0.3522        0        0
   0.2214   0.9369   0.1003        0        0
  -0.3522   0.1003   0.8405        0        0
        0        0        0   1.0000        0
        0        0        0        0        0
Total Density Matrix: 
   0.4452   0.4429  -0.7043        0        0
   0.4429   1.8739   0.2006        0        0
  -0.7043   0.2006   1.6809        0        0
        0        0        0   2.0000        0
        0        0        0        0   1.0000
Total Density Vector
   0.4452
   6.5548
Iteration: 3
Fock Matrix for Alpha: 
  -19.4350  -14.0721   13.5099         0         0
  -14.0721  -62.4942   -2.5281         0         0
   13.5099   -2.5281  -38.8710         0         0
         0         0         0  -42.8918         0
         0         0         0         0  -42.8918
Fock Matrix for Beta: 
  -19.4350  -14.0721   13.5099         0         0
  -14.0721  -62.4942   -2.5281         0         0
   13.5099   -2.5281  -38.8710         0         0
         0         0         0  -42.8918         0
         0         0         0         0  -17.6895
after solving eigen quation: 3
MO Coefficient Matrix for Alpha: 
  -0.2999  -0.3817        0        0  -0.8743
  -0.9522   0.1764        0        0   0.2496
   0.0589   0.9073        0        0  -0.4163
        0        0   1.0000        0        0
        0        0        0   1.0000        0
MO Coefficient Matrix for Beta: 
  -0.2999  -0.3817        0        0  -0.8743
  -0.9522   0.1764        0        0   0.2496
   0.0589   0.9073        0        0  -0.4163
        0        0   1.0000        0        0
        0        0        0   1.0000        0
p: 4 q: 3
Density Matrix for Alpha: 
   0.2356   0.2182  -0.3640        0        0
   0.2182   0.9377   0.1039        0        0
  -0.3640   0.1039   0.8267        0        0
        0        0        0   1.0000        0
        0        0        0        0   1.0000
Density Matrix for Beta: 
   0.2356   0.2182  -0.3640        0        0
   0.2182   0.9377   0.1039        0        0
  -0.3640   0.1039   0.8267        0        0
        0        0        0   1.0000        0
        0        0        0        0        0
Total Density Matrix: 
   0.4712   0.4364  -0.7280        0        0
   0.4364   1.8754   0.2078        0        0
  -0.7280   0.2078   1.6533        0        0
        0        0        0   2.0000        0
        0        0        0        0   1.0000
Total Density Vector
   0.4712
   6.5288
Iteration: 4
Fock Matrix for Alpha: 
  -19.5355  -14.0258   13.6801         0         0
  -14.0258  -62.7948   -2.6188         0         0
   13.6801   -2.6188  -38.8046         0         0
         0         0         0  -43.1728         0
         0         0         0         0  -43.1728
Fock Matrix for Beta: 
  -19.5355  -14.0258   13.6801         0         0
  -14.0258  -62.7948   -2.6188         0         0
   13.6801   -2.6188  -38.8046         0         0
         0         0         0  -43.1728         0
         0         0         0         0  -17.9705
after solving eigen quation: 4
MO Coefficient Matrix for Alpha: 
  -0.2976  -0.3878        0        0  -0.8724
  -0.9531   0.1741        0        0   0.2477
   0.0558   0.9052        0        0  -0.4214
        0        0   1.0000        0        0
        0        0        0   1.0000        0
MO Coefficient Matrix for Beta: 
  -0.2976  -0.3878        0        0  -0.8724
  -0.9531   0.1741        0        0   0.2477
   0.0558   0.9052        0        0  -0.4214
        0        0   1.0000        0        0
        0        0        0   1.0000        0
p: 4 q: 3
Density Matrix for Alpha: 
   0.2389   0.2161  -0.3676        0        0
   0.2161   0.9386   0.1044        0        0
  -0.3676   0.1044   0.8224        0        0
        0        0        0   1.0000        0
        0        0        0        0   1.0000
Density Matrix for Beta: 
   0.2389   0.2161  -0.3676        0        0
   0.2161   0.9386   0.1044        0        0
  -0.3676   0.1044   0.8224        0        0
        0        0        0   1.0000        0
        0        0        0        0        0
Total Density Matrix: 
   0.4779   0.4322  -0.7353        0        0
   0.4322   1.8773   0.2088        0        0
  -0.7353   0.2088   1.6448        0        0
        0        0        0   2.0000        0
        0        0        0        0   1.0000
Total Density Vector
   0.4779
   6.5221
Iteration: 5
Fock Matrix for Alpha: 
  -19.5612  -13.9954   13.7325         0         0
  -13.9954  -62.8901   -2.6308         0         0
   13.7325   -2.6308  -38.7691         0         0
         0         0         0  -43.2446         0
         0         0         0         0  -43.2446
Fock Matrix for Beta: 
  -19.5612  -13.9954   13.7325         0         0
  -13.9954  -62.8901   -2.6308         0         0
   13.7325   -2.6308  -38.7691         0         0
         0         0         0  -43.2446         0
         0         0         0         0  -18.0423
after solving eigen quation: 5
MO Coefficient Matrix for Alpha: 
  -0.2967  -0.3897        0        0  -0.8718
  -0.9534   0.1737        0        0   0.2468
   0.0553   0.9044        0        0  -0.4231
        0        0   1.0000        0        0
        0        0        0   1.0000        0
MO Coefficient Matrix for Beta: 
  -0.2967  -0.3897        0        0  -0.8718
  -0.9534   0.1737        0        0   0.2468
   0.0553   0.9044        0        0  -0.4231
        0        0   1.0000        0        0
        0        0        0   1.0000        0
p: 4 q: 3
Density Matrix for Alpha: 
   0.2399   0.2152  -0.3689        0        0
   0.2152   0.9391   0.1044        0        0
  -0.3689   0.1044   0.8210        0        0
        0        0        0   1.0000        0
        0        0        0        0   1.0000
Density Matrix for Beta: 
   0.2399   0.2152  -0.3689        0        0
   0.2152   0.9391   0.1044        0        0
  -0.3689   0.1044   0.8210        0        0
        0        0        0   1.0000        0
        0        0        0        0        0
Total Density Matrix: 
   0.4798   0.4303  -0.7377        0        0
   0.4303   1.8782   0.2088        0        0
  -0.7377   0.2088   1.6420        0        0
        0        0        0   2.0000        0
        0        0        0        0   1.0000
Total Density Vector
   0.4798
   6.5202
Iteration: 6
Fock Matrix for Alpha: 
  -19.5685  -13.9817   13.7502         0         0
  -13.9817  -62.9223   -2.6313         0         0
   13.7502   -2.6313  -38.7540         0         0
         0         0         0  -43.2651         0
         0         0         0         0  -43.2651
Fock Matrix for Beta: 
  -19.5685  -13.9817   13.7502         0         0
  -13.9817  -62.9223   -2.6313         0         0
   13.7502   -2.6313  -38.7540         0         0
         0         0         0  -43.2651         0
         0         0         0         0  -18.0628
after solving eigen quation: 6
MO Coefficient Matrix for Alpha: 
  -0.2963  -0.3904        0        0  -0.8717
  -0.9535   0.1737        0        0   0.2464
   0.0552   0.9041        0        0  -0.4237
        0        0   1.0000        0        0
        0        0        0   1.0000        0
MO Coefficient Matrix for Beta: 
  -0.2963  -0.3904        0        0  -0.8717
  -0.9535   0.1737        0        0   0.2464
   0.0552   0.9041        0        0  -0.4237
        0        0   1.0000        0        0
        0        0        0   1.0000        0
p: 4 q: 3
Density Matrix for Alpha: 
   0.2402   0.2148  -0.3693        0        0
   0.2148   0.9393   0.1044        0        0
  -0.3693   0.1044   0.8205        0        0
        0        0        0   1.0000        0
        0        0        0        0   1.0000
Density Matrix for Beta: 
   0.2402   0.2148  -0.3693        0        0
   0.2148   0.9393   0.1044        0        0
  -0.3693   0.1044   0.8205        0        0
        0        0        0   1.0000        0
        0        0        0        0        0
Total Density Matrix: 
   0.4804   0.4295  -0.7386        0        0
   0.4295   1.8786   0.2088        0        0
  -0.7386   0.2088   1.6410        0        0
        0        0        0   2.0000        0
        0        0        0        0   1.0000
Total Density Vector
   0.4804
   6.5196
Iteration: 7
Fock Matrix for Alpha: 
  -19.5709  -13.9761   13.7565         0         0
  -13.9761  -62.9337   -2.6307         0         0
   13.7565   -2.6307  -38.7481         0         0
         0         0         0  -43.2716         0
         0         0         0         0  -43.2716
Fock Matrix for Beta: 
  -19.5709  -13.9761   13.7565         0         0
  -13.9761  -62.9337   -2.6307         0         0
   13.7565   -2.6307  -38.7481         0         0
         0         0         0  -43.2716         0
         0         0         0         0  -18.0693
after solving eigen quation: 7
MO Coefficient Matrix for Alpha: 
  -0.2962  -0.3906        0        0  -0.8716
  -0.9535   0.1737        0        0   0.2462
   0.0552   0.9040        0        0  -0.4239
        0        0   1.0000        0        0
        0        0        0   1.0000        0
MO Coefficient Matrix for Beta: 
  -0.2962  -0.3906        0        0  -0.8716
  -0.9535   0.1737        0        0   0.2462
   0.0552   0.9040        0        0  -0.4239
        0        0   1.0000        0        0
        0        0        0   1.0000        0
p: 4 q: 3
Density Matrix for Alpha: 
   0.2403   0.2146  -0.3695        0        0
   0.2146   0.9394   0.1044        0        0
  -0.3695   0.1044   0.8203        0        0
        0        0        0   1.0000        0
        0        0        0        0   1.0000
Density Matrix for Beta: 
   0.2403   0.2146  -0.3695        0        0
   0.2146   0.9394   0.1044        0        0
  -0.3695   0.1044   0.8203        0        0
        0        0        0   1.0000        0
        0        0        0        0        0
Total Density Matrix: 
   0.4806   0.4292  -0.7389        0        0
   0.4292   1.8787   0.2087        0        0
  -0.7389   0.2087   1.6407        0        0
        0        0        0   2.0000        0
        0        0        0        0   1.0000
Total Density Vector
   0.4806
   6.5194
Iteration: 8
Fock Matrix for Alpha: 
  -19.5717  -13.9740   13.7588         0         0
  -13.9740  -62.9378   -2.6304         0         0
   13.7588   -2.6304  -38.7458         0         0
         0         0         0  -43.2739         0
         0         0         0         0  -43.2739
Fock Matrix for Beta: 
  -19.5717  -13.9740   13.7588         0         0
  -13.9740  -62.9378   -2.6304         0         0
   13.7588   -2.6304  -38.7458         0         0
         0         0         0  -43.2739         0
         0         0         0         0  -18.0716
after solving eigen quation: 8
MO Coefficient Matrix for Alpha: 
  -0.2962  -0.3907        0        0  -0.8716
  -0.9535   0.1737        0        0   0.2462
   0.0552   0.9040        0        0  -0.4240
        0        0   1.0000        0        0
        0        0        0   1.0000        0
MO Coefficient Matrix for Beta: 
  -0.2962  -0.3907        0        0  -0.8716
  -0.9535   0.1737        0        0   0.2462
   0.0552   0.9040        0        0  -0.4240
        0        0   1.0000        0        0
        0        0        0   1.0000        0
p: 4 q: 3
Density Matrix for Alpha: 
   0.2403   0.2146  -0.3695        0        0
   0.2146   0.9394   0.1044        0        0
  -0.3695   0.1044   0.8203        0        0
        0        0        0   1.0000        0
        0        0        0        0   1.0000
Density Matrix for Beta: 
   0.2403   0.2146  -0.3695        0        0
   0.2146   0.9394   0.1044        0        0
  -0.3695   0.1044   0.8203        0        0
        0        0        0   1.0000        0
        0        0        0        0        0
Total Density Matrix: 
   0.4807   0.4291  -0.7390        0        0
   0.4291   1.8788   0.2087        0        0
  -0.7390   0.2087   1.6405        0        0
        0        0        0   2.0000        0
        0        0        0        0   1.0000
Total Density Vector
   0.4807
   6.5193
Iteration: 9
Fock Matrix for Alpha: 
  -19.5720  -13.9732   13.7597         0         0
  -13.9732  -62.9394   -2.6303         0         0
   13.7597   -2.6303  -38.7449         0         0
         0         0         0  -43.2747         0
         0         0         0         0  -43.2747
Fock Matrix for Beta: 
  -19.5720  -13.9732   13.7597         0         0
  -13.9732  -62.9394   -2.6303         0         0
   13.7597   -2.6303  -38.7449         0         0
         0         0         0  -43.2747         0
         0         0         0         0  -18.0724
after solving eigen quation: 9
MO Coefficient Matrix for Alpha: 
  -0.2962  -0.3907        0        0  -0.8716
  -0.9535   0.1737        0        0   0.2462
   0.0552   0.9040        0        0  -0.4240
        0        0   1.0000        0        0
        0        0        0   1.0000        0
MO Coefficient Matrix for Beta: 
  -0.2962  -0.3907        0        0  -0.8716
  -0.9535   0.1737        0        0   0.2462
   0.0552   0.9040        0        0  -0.4240
        0        0   1.0000        0        0
        0        0        0   1.0000        0
p: 4 q: 3
Density Matrix for Alpha: 
   0.2404   0.2145  -0.3695        0        0
   0.2145   0.9394   0.1044        0        0
  -0.3695   0.1044   0.8202        0        0
        0        0        0   1.0000        0
        0        0        0        0   1.0000
Density Matrix for Beta: 
   0.2404   0.2145  -0.3695        0        0
   0.2145   0.9394   0.1044        0        0
  -0.3695   0.1044   0.8202        0        0
        0        0        0   1.0000        0
        0        0        0        0        0
Total Density Matrix: 
   0.4807   0.4291  -0.7391        0        0
   0.4291   1.8788   0.2087        0        0
  -0.7391   0.2087   1.6405        0        0
        0        0        0   2.0000        0
        0        0        0        0   1.0000
Total Density Vector
   0.4807
   6.5193
Iteration: 10
Fock Matrix for Alpha: 
  -19.5721  -13.9729   13.7600         0         0
  -13.9729  -62.9400   -2.6302         0         0
   13.7600   -2.6302  -38.7446         0         0
         0         0         0  -43.2750         0
         0         0         0         0  -43.2750
Fock Matrix for Beta: 
  -19.5721  -13.9729   13.7600         0         0
  -13.9729  -62.9400   -2.6302         0         0
   13.7600   -2.6302  -38.7446         0         0
         0         0         0  -43.2750         0
         0         0         0         0  -18.0727
after solving eigen quation: 10
MO Coefficient Matrix for Alpha: 
  -0.2961  -0.3907        0        0  -0.8716
  -0.9535   0.1737        0        0   0.2461
   0.0552   0.9040        0        0  -0.4240
        0        0   1.0000        0        0
        0        0        0   1.0000        0
MO Coefficient Matrix for Beta: 
  -0.2961  -0.3907        0        0  -0.8716
  -0.9535   0.1737        0        0   0.2461
   0.0552   0.9040        0        0  -0.4240
        0        0   1.0000        0        0
        0        0        0   1.0000        0
p: 4 q: 3
Density Matrix for Alpha: 
   0.2404   0.2145  -0.3695        0        0
   0.2145   0.9394   0.1044        0        0
  -0.3695   0.1044   0.8202        0        0
        0        0        0   1.0000        0
        0        0        0        0   1.0000
Density Matrix for Beta: 
   0.2404   0.2145  -0.3695        0        0
   0.2145   0.9394   0.1044        0        0
  -0.3695   0.1044   0.8202        0        0
        0        0        0   1.0000        0
        0        0        0        0        0
Total Density Matrix: 
   0.4807   0.4291  -0.7391        0        0
   0.4291   1.8788   0.2087        0        0
  -0.7391   0.2087   1.6405        0        0
        0        0        0   2.0000        0
        0        0        0        0   1.0000
Total Density Vector
   0.4807
   6.5193
Iteration: 11
Fock Matrix for Alpha: 
  -19.5721  -13.9728   13.7601         0         0
  -13.9728  -62.9402   -2.6302         0         0
   13.7601   -2.6302  -38.7445         0         0
         0         0         0  -43.2751         0
         0         0         0         0  -43.2751
Fock Matrix for Beta: 
  -19.5721  -13.9728   13.7601         0         0
  -13.9728  -62.9402   -2.6302         0         0
   13.7601   -2.6302  -38.7445         0         0
         0         0         0  -43.2751         0
         0         0         0         0  -18.0728
after solving eigen quation: 11
MO Coefficient Matrix for Alpha: 
  -0.2961  -0.3907        0        0  -0.8716
  -0.9535   0.1737        0        0   0.2461
   0.0552   0.9040        0        0  -0.4240
        0        0   1.0000        0        0
        0        0        0   1.0000        0
MO Coefficient Matrix for Beta: 
  -0.2961  -0.3907        0        0  -0.8716
  -0.9535   0.1737        0        0   0.2461
   0.0552   0.9040        0        0  -0.4240
        0        0   1.0000        0        0
        0        0        0   1.0000        0
p: 4 q: 3
Density Matrix for Alpha: 
   0.2404   0.2145  -0.3695        0        0
   0.2145   0.9394   0.1044        0        0
  -0.3695   0.1044   0.8202        0        0
        0        0        0   1.0000        0
        0        0        0        0   1.0000
Density Matrix for Beta: 
   0.2404   0.2145  -0.3695        0        0
   0.2145   0.9394   0.1044        0        0
  -0.3695   0.1044   0.8202        0        0
        0        0        0   1.0000        0
        0        0        0        0        0
Total Density Matrix: 
   0.4807   0.4291  -0.7391        0        0
   0.4291   1.8788   0.2087        0        0
  -0.7391   0.2087   1.6405        0        0
        0        0        0   2.0000        0
        0        0        0        0   1.0000
Total Density Vector
   0.4807
   6.5193
Iteration: 12
Fock Matrix for Alpha: 
  -19.5721  -13.9727   13.7601         0         0
  -13.9727  -62.9403   -2.6302         0         0
   13.7601   -2.6302  -38.7444         0         0
         0         0         0  -43.2751         0
         0         0         0         0  -43.2751
Fock Matrix for Beta: 
  -19.5721  -13.9727   13.7601         0         0
  -13.9727  -62.9403   -2.6302         0         0
   13.7601   -2.6302  -38.7444         0         0
         0         0         0  -43.2751         0
         0         0         0         0  -18.0728
after solving eigen quation: 12
MO Coefficient Matrix for Alpha: 
  -0.2961  -0.3907        0        0  -0.8716
  -0.9535   0.1737        0        0   0.2461
   0.0552   0.9040        0        0  -0.4240
        0        0   1.0000        0        0
        0        0        0   1.0000        0
MO Coefficient Matrix for Beta: 
  -0.2961  -0.3907        0        0  -0.8716
  -0.9535   0.1737        0        0   0.2461
   0.0552   0.9040        0        0  -0.4240
        0        0   1.0000        0        0
        0        0        0   1.0000        0
p: 4 q: 3
Density Matrix for Alpha: 
   0.2404   0.2145  -0.3695        0        0
   0.2145   0.9394   0.1044        0        0
  -0.3695   0.1044   0.8202        0        0
        0        0        0   1.0000        0
        0        0        0        0   1.0000
Density Matrix for Beta: 
   0.2404   0.2145  -0.3695        0        0
   0.2145   0.9394   0.1044        0        0
  -0.3695   0.1044   0.8202        0        0
        0        0        0   1.0000        0
        0        0        0        0        0
Total Density Matrix: 
   0.4807   0.4291  -0.7391        0        0
   0.4291   1.8788   0.2087        0        0
  -0.7391   0.2087   1.6404        0        0
        0        0        0   2.0000        0
        0        0        0        0   1.0000
Total Density Vector
   0.4807
   6.5193
Iteration: 13
Fock Matrix for Alpha: 
  -19.5721  -13.9727   13.7602         0         0
  -13.9727  -62.9403   -2.6302         0         0
   13.7602   -2.6302  -38.7444         0         0
         0         0         0  -43.2751         0
         0         0         0         0  -43.2751
Fock Matrix for Beta: 
  -19.5721  -13.9727   13.7602         0         0
  -13.9727  -62.9403   -2.6302         0         0
   13.7602   -2.6302  -38.7444         0         0
         0         0         0  -43.2751         0
         0         0         0         0  -18.0728
after solving eigen quation: 13
MO Coefficient Matrix for Alpha: 
  -0.2961  -0.3907        0        0  -0.8716
  -0.9535   0.1737        0        0   0.2461
   0.0552   0.9040        0        0  -0.4240
        0        0   1.0000        0        0
        0        0        0   1.0000        0
MO Coefficient Matrix for Beta: 
  -0.2961  -0.3907        0        0  -0.8716
  -0.9535   0.1737        0        0   0.2461
   0.0552   0.9040        0        0  -0.4240
        0        0   1.0000        0        0
        0        0        0   1.0000        0
p: 4 q: 3
Density Matrix for Alpha: 
   0.2404   0.2145  -0.3695        0        0
   0.2145   0.9394   0.1044        0        0
  -0.3695   0.1044   0.8202        0        0
        0        0        0   1.0000        0
        0        0        0        0   1.0000
Density Matrix for Beta: 
   0.2404   0.2145  -0.3695        0        0
   0.2145   0.9394   0.1044        0        0
  -0.3695   0.1044   0.8202        0        0
        0        0        0   1.0000        0
        0        0        0        0        0
Total Density Matrix: 
   0.4807   0.4291  -0.7391        0        0
   0.4291   1.8788   0.2087        0        0
  -0.7391   0.2087   1.6404        0        0
        0        0        0   2.0000        0
        0        0        0        0   1.0000
Total Density Vector
   0.4807
   6.5193
Converged!
Ea
  -67.1275
  -45.1971
  -43.2751
  -43.2751
   -8.9322
Eb
  -67.1275
  -45.1971
  -43.2751
  -18.0728
   -8.9322
Ca
  -0.2961  -0.3907        0        0  -0.8716
  -0.9535   0.1737        0        0   0.2461
   0.0552   0.9040        0        0  -0.4240
        0        0   1.0000        0        0
        0        0        0   1.0000        0
Cb
  -0.2961  -0.3907        0        0  -0.8716
  -0.9535   0.1737        0        0   0.2461
   0.0552   0.9040        0        0  -0.4240
        0        0   1.0000        0        0
        0        0        0   1.0000        0
Nuclear Repulsion Energy: 110.744eV
Electron Energy: -853.582eV
Total Energy: -742.838eV
