gamma
   19.2723   16.5630
   16.5630   19.2723
Overlap Matrix 
   1.0000        0        0        0   0.7915  -0.4793        0        0
        0   1.0000        0        0   0.4793   0.1590        0        0
        0        0   1.0000        0        0        0   0.6617        0
        0        0        0   1.0000        0        0        0   0.6617
   0.7915   0.4793        0        0   1.0000        0        0        0
  -0.4793   0.1590        0        0        0   1.0000        0        0
        0        0   0.6617        0        0        0   1.0000        0
        0        0        0   0.6617        0        0        0   1.0000
Core Hamiltonian Matrix 
  -1.8886e+02            0            0            0  -1.9788e+01   1.1983e+01            0            0
            0  -1.7682e+02            0            0  -1.1983e+01  -3.9753e+00            0            0
            0            0  -1.7682e+02            0            0            0  -1.6543e+01            0
            0            0            0  -1.7682e+02            0            0            0  -1.6543e+01
  -1.9788e+01  -1.1983e+01            0            0  -1.8886e+02            0            0            0
   1.1983e+01  -3.9753e+00            0            0            0  -1.7682e+02            0            0
            0            0  -1.6543e+01            0            0            0  -1.7682e+02            0
            0            0            0  -1.6543e+01            0            0            0  -1.7682e+02
Iteration: 0
Fock Matrix for Alpha: 
  -1.8886e+02            0            0            0  -1.9788e+01   1.1983e+01            0            0
            0  -1.7682e+02            0            0  -1.1983e+01  -3.9753e+00            0            0
            0            0  -1.7682e+02            0            0            0  -1.6543e+01            0
            0            0            0  -1.7682e+02            0            0            0  -1.6543e+01
  -1.9788e+01  -1.1983e+01            0            0  -1.8886e+02            0            0            0
   1.1983e+01  -3.9753e+00            0            0            0  -1.7682e+02            0            0
            0            0  -1.6543e+01            0            0            0  -1.7682e+02            0
            0            0            0  -1.6543e+01            0            0            0  -1.7682e+02
Fock Matrix for Beta: 
  -1.8886e+02            0            0            0  -1.9788e+01   1.1983e+01            0            0
            0  -1.7682e+02            0            0  -1.1983e+01  -3.9753e+00            0            0
            0            0  -1.7682e+02            0            0            0  -1.6543e+01            0
            0            0            0  -1.7682e+02            0            0            0  -1.6543e+01
  -1.9788e+01  -1.1983e+01            0            0  -1.8886e+02            0            0            0
   1.1983e+01  -3.9753e+00            0            0            0  -1.7682e+02            0            0
            0            0  -1.6543e+01            0            0            0  -1.7682e+02            0
            0            0            0  -1.6543e+01            0            0            0  -1.7682e+02
after solving eigen quation: 0
MO Coefficient Matrix for Alpha: 
   6.7657e-01   2.8281e-16            0  -3.7438e-01  -2.0554e-01   5.9987e-01  -3.1803e-16            0
   2.0554e-01   8.5251e-16            0   5.9987e-01   6.7657e-01   3.7438e-01  -9.5865e-16            0
            0  -7.0711e-01            0            0            0            0  -7.0711e-01            0
            0            0  -7.0711e-01            0            0            0            0  -7.0711e-01
   6.7657e-01  -3.7048e-16            0   3.7438e-01  -2.0554e-01  -5.9987e-01   4.1096e-16            0
  -2.0554e-01            0            0   5.9987e-01  -6.7657e-01   3.7438e-01            0            0
   3.3307e-16  -7.0711e-01            0   5.5511e-16   8.8818e-16   9.4369e-16   7.0711e-01            0
            0            0  -7.0711e-01            0            0            0            0   7.0711e-01
MO Coefficient Matrix for Beta: 
   6.7657e-01   2.8281e-16            0  -3.7438e-01  -2.0554e-01   5.9987e-01  -3.1803e-16            0
   2.0554e-01   8.5251e-16            0   5.9987e-01   6.7657e-01   3.7438e-01  -9.5865e-16            0
            0  -7.0711e-01            0            0            0            0  -7.0711e-01            0
            0            0  -7.0711e-01            0            0            0            0  -7.0711e-01
   6.7657e-01  -3.7048e-16            0   3.7438e-01  -2.0554e-01  -5.9987e-01   4.1096e-16            0
  -2.0554e-01            0            0   5.9987e-01  -6.7657e-01   3.7438e-01            0            0
   3.3307e-16  -7.0711e-01            0   5.5511e-16   8.8818e-16   9.4369e-16   7.0711e-01            0
            0            0  -7.0711e-01            0            0            0            0   7.0711e-01
p: 4 q: 1
Density Matrix for Alpha: 
   5.9791e-01  -8.5513e-02  -1.9998e-16            0   3.1760e-01  -3.6364e-01  -1.8246e-16            0
  -8.5513e-02   4.0209e-01  -6.0281e-16            0   3.6364e-01   3.1760e-01  -2.0136e-16            0
  -1.9998e-16  -6.0281e-16   5.0000e-01            0   2.6197e-16            0   5.0000e-01            0
            0            0            0   5.0000e-01            0            0            0   5.0000e-01
   3.1760e-01   3.6364e-01   2.6197e-16            0   5.9791e-01   8.5513e-02   6.9513e-16            0
  -3.6364e-01   3.1760e-01            0            0   8.5513e-02   4.0209e-01   2.6454e-16            0
  -1.8246e-16  -2.0136e-16   5.0000e-01            0   6.9513e-16   2.6454e-16   5.0000e-01            0
            0            0            0   5.0000e-01            0            0            0   5.0000e-01
Density Matrix for Beta: 
   4.5775e-01   1.3906e-01            0            0   4.5775e-01  -1.3906e-01   2.2534e-16            0
   1.3906e-01   4.2247e-02            0            0   1.3906e-01  -4.2247e-02   6.8459e-17            0
            0            0            0            0            0            0            0            0
            0            0            0            0            0            0            0            0
   4.5775e-01   1.3906e-01            0            0   4.5775e-01  -1.3906e-01   2.2534e-16            0
  -1.3906e-01  -4.2247e-02            0            0  -1.3906e-01   4.2247e-02  -6.8459e-17            0
   2.2534e-16   6.8459e-17            0            0   2.2534e-16  -6.8459e-17   1.1093e-31            0
            0            0            0            0            0            0            0            0
Total Density Matrix: 
   1.0557e+00   5.3550e-02  -1.9998e-16            0   7.7535e-01  -5.0270e-01   4.2889e-17            0
   5.3550e-02   4.4434e-01  -6.0281e-16            0   5.0270e-01   2.7535e-01  -1.3290e-16            0
  -1.9998e-16  -6.0281e-16   5.0000e-01            0   2.6197e-16            0   5.0000e-01            0
            0            0            0   5.0000e-01            0            0            0   5.0000e-01
   7.7535e-01   5.0270e-01   2.6197e-16            0   1.0557e+00  -5.3550e-02   9.2048e-16            0
  -5.0270e-01   2.7535e-01            0            0  -5.3550e-02   4.4434e-01   1.9608e-16            0
   4.2889e-17  -1.3290e-16   5.0000e-01            0   9.2048e-16   1.9608e-16   5.0000e-01            0
            0            0            0   5.0000e-01            0            0            0   5.0000e-01
Total Density Vector
   2.5000
   2.5000
Iteration: 1
Fock Matrix for Alpha: 
  -1.1079e+02   1.6480e+00   3.8541e-15            0  -2.5048e+01   1.8006e+01   3.0220e-15            0
   1.6480e+00  -9.4976e+01   1.1618e-14            0  -1.8006e+01  -9.2356e+00   3.3351e-15            0
   3.8541e-15   1.1618e-14  -9.6863e+01            0  -4.3390e-15            0  -2.4824e+01            0
            0            0            0  -9.6863e+01            0            0            0  -2.4824e+01
  -2.5048e+01  -1.8006e+01  -4.3390e-15            0  -1.1079e+02  -1.6480e+00  -1.3397e-14            0
   1.8006e+01  -9.2356e+00            0            0  -1.6480e+00  -9.4976e+01  -5.0982e-15            0
   3.0220e-15   3.3351e-15  -2.4824e+01            0  -1.3397e-14  -5.0982e-15  -9.6863e+01            0
            0            0            0  -2.4824e+01            0            0            0  -9.6863e+01
Fock Matrix for Beta: 
  -1.0809e+02  -2.6801e+00            0            0  -2.7369e+01   1.4286e+01  -3.7324e-15            0
  -2.6801e+00  -8.8041e+01            0            0  -1.4286e+01  -3.2756e+00  -1.1339e-15            0
            0            0  -8.7227e+01            0            0            0  -1.6543e+01            0
            0            0            0  -8.7227e+01            0            0            0  -1.6543e+01
  -2.7369e+01  -1.4286e+01            0            0  -1.0809e+02   2.6801e+00  -4.3429e-15            0
   1.4286e+01  -3.2756e+00            0            0   2.6801e+00  -8.8041e+01   1.3194e-15            0
  -3.7324e-15  -1.1339e-15  -1.6543e+01            0  -4.3429e-15   1.3194e-15  -8.7227e+01            0
            0            0            0  -1.6543e+01            0            0            0  -8.7227e+01
after solving eigen quation: 1
MO Coefficient Matrix for Alpha: 
  -6.7773e-01  -1.3277e-15   2.4229e-30   3.7906e-01  -2.0169e-01  -5.9692e-01  -1.6202e-15  -1.8075e-15
  -2.0169e-01  -1.9292e-16   1.0213e-30  -5.9692e-01   6.7773e-01  -3.7906e-01  -1.7001e-15  -1.8966e-15
  -8.8818e-16   7.0711e-01  -1.3074e-15   4.4409e-16  -7.7716e-16   2.8866e-15  -4.7198e-01  -5.2653e-01
  -2.9582e-31  -1.3323e-15  -7.0711e-01  -6.9025e-31   5.9165e-31  -2.0510e-29   5.2653e-01  -4.7198e-01
  -6.7773e-01  -8.4084e-17   9.0400e-31  -3.7906e-01  -2.0169e-01   5.9692e-01   2.0726e-15   2.3138e-15
   2.0169e-01   5.5511e-16  -5.9165e-31  -5.9692e-01  -6.7773e-01  -3.7906e-01  -5.5511e-16  -6.6613e-16
  -6.9389e-16   7.0711e-01  -1.5543e-15   5.5511e-16   1.1102e-15  -3.6637e-15   4.7198e-01   5.2653e-01
  -1.9112e-31  -1.5098e-15  -7.0711e-01  -8.7833e-31  -1.0664e-30   2.1798e-29  -5.2653e-01   4.7198e-01
MO Coefficient Matrix for Beta: 
   6.7657e-01   8.7735e-16            0  -3.8234e-01   2.0554e-01   5.9483e-01   4.6124e-15            0
   2.0554e-01  -1.3005e-15            0   5.9483e-01  -6.7657e-01   3.8234e-01   3.9748e-15            0
   1.3593e-16  -7.0711e-01            0  -1.2392e-15  -8.9592e-16   5.9713e-15  -7.0711e-01            0
            0            0  -7.0711e-01            0            0            0            0  -7.0711e-01
   6.7657e-01  -3.0906e-16            0   3.8234e-01   2.0554e-01  -5.9483e-01  -5.4189e-15            0
  -2.0554e-01  -9.5576e-16            0   5.9483e-01   6.7657e-01   3.8234e-01   2.2634e-15            0
   3.2725e-16  -7.0711e-01            0  -1.2247e-15   1.1544e-15  -6.0114e-15   7.0711e-01            0
            0            0  -7.0711e-01            0            0            0            0   7.0711e-01
p: 4 q: 1
Density Matrix for Alpha: 
   6.0301e-01  -8.9577e-02  -1.6855e-16  -5.5657e-33   3.1563e-01  -3.6296e-01  -2.5815e-16   8.7946e-32
  -8.9577e-02   3.9699e-01  -2.2236e-16   6.5302e-33   3.6296e-01   3.1563e-01  -3.2782e-16   1.3193e-31
  -1.6855e-16  -2.2236e-16   5.0000e-01  -1.7551e-17   3.7415e-16  -5.1700e-17   5.0000e-01  -1.4311e-16
  -5.5657e-33   6.5302e-33  -1.7551e-17   5.0000e-01  -6.5067e-32   3.1160e-32   1.5701e-16   5.0000e-01
   3.1563e-01   3.6296e-01   3.7415e-16  -6.5067e-32   6.0301e-01   8.9577e-02   2.0039e-16  -4.9808e-32
  -3.6296e-01   3.1563e-01  -5.1700e-17   3.1160e-32   8.9577e-02   3.9699e-01  -7.8785e-17   6.5970e-32
  -2.5815e-16  -3.2782e-16   5.0000e-01   1.5701e-16   2.0039e-16  -7.8785e-17   5.0000e-01   3.1446e-17
   8.7946e-32   1.3193e-31  -1.4311e-16   5.0000e-01  -4.9808e-32   6.5970e-32   3.1446e-17   5.0000e-01
Density Matrix for Beta: 
   4.5775e-01   1.3906e-01   9.1966e-17            0   4.5775e-01  -1.3906e-01   2.2141e-16            0
   1.3906e-01   4.2247e-02   2.7939e-17            0   1.3906e-01  -4.2247e-02   6.7262e-17            0
   9.1966e-17   2.7939e-17   1.8477e-32            0   9.1966e-17  -2.7939e-17   4.4482e-32            0
            0            0            0            0            0            0            0            0
   4.5775e-01   1.3906e-01   9.1966e-17            0   4.5775e-01  -1.3906e-01   2.2141e-16            0
  -1.3906e-01  -4.2247e-02  -2.7939e-17            0  -1.3906e-01   4.2247e-02  -6.7262e-17            0
   2.2141e-16   6.7262e-17   4.4482e-32            0   2.2141e-16  -6.7262e-17   1.0709e-31            0
            0            0            0            0            0            0            0            0
Total Density Matrix: 
   1.0608e+00   4.9487e-02  -7.6588e-17  -5.5657e-33   7.7339e-01  -5.0203e-01  -3.6739e-17   8.7946e-32
   4.9487e-02   4.3924e-01  -1.9442e-16   6.5302e-33   5.0203e-01   2.7339e-01  -2.6056e-16   1.3193e-31
  -7.6588e-17  -1.9442e-16   5.0000e-01  -1.7551e-17   4.6612e-16  -7.9639e-17   5.0000e-01  -1.4311e-16
  -5.5657e-33   6.5302e-33  -1.7551e-17   5.0000e-01  -6.5067e-32   3.1160e-32   1.5701e-16   5.0000e-01
   7.7339e-01   5.0203e-01   4.6612e-16  -6.5067e-32   1.0608e+00  -4.9487e-02   4.2180e-16  -4.9808e-32
  -5.0203e-01   2.7339e-01  -7.9639e-17   3.1160e-32  -4.9487e-02   4.3924e-01  -1.4605e-16   6.5970e-32
  -3.6739e-17  -2.6056e-16   5.0000e-01   1.5701e-16   4.2180e-16  -1.4605e-16   5.0000e-01   3.1446e-17
   8.7946e-32   1.3193e-31  -1.4311e-16   5.0000e-01  -4.9808e-32   6.5970e-32   3.1446e-17   5.0000e-01
Total Density Vector
   2.5000
   2.5000
Iteration: 2
Fock Matrix for Alpha: 
  -1.1089e+02   1.7264e+00   3.2484e-15   1.0726e-31  -2.5016e+01   1.7995e+01   4.2757e-15  -1.4566e-30
   1.7264e+00  -9.4878e+01   4.2855e-15  -1.2585e-31  -1.7995e+01  -9.2031e+00   5.4297e-15  -2.1852e-30
   3.2484e-15   4.2855e-15  -9.6863e+01   3.3826e-16  -6.1971e-15   8.5631e-16  -2.4824e+01   2.3704e-15
   1.0726e-31  -1.2585e-31   3.3826e-16  -9.6863e+01   1.0777e-30  -5.1609e-31  -2.6005e-15  -2.4824e+01
  -2.5016e+01  -1.7995e+01  -6.1971e-15   1.0777e-30  -1.1089e+02  -1.7264e+00  -3.8620e-15   9.5991e-31
   1.7995e+01  -9.2031e+00   8.5631e-16  -5.1609e-31  -1.7264e+00  -9.4878e+01   1.5184e-15  -1.2714e-30
   4.2757e-15   5.4297e-15  -2.4824e+01  -2.6005e-15  -3.8620e-15   1.5184e-15  -9.6863e+01  -6.0605e-16
  -1.4566e-30  -2.1852e-30   2.3704e-15  -2.4824e+01   9.5991e-31  -1.2714e-30  -6.0605e-16  -9.6863e+01
Fock Matrix for Beta: 
  -1.0809e+02  -2.6801e+00  -1.7724e-15            0  -2.7369e+01   1.4286e+01  -3.6672e-15            0
  -2.6801e+00  -8.8041e+01  -5.3845e-16            0  -1.4286e+01  -3.2756e+00  -1.1141e-15            0
  -1.7724e-15  -5.3845e-16  -8.7227e+01            0  -1.5232e-15   4.6275e-16  -1.6543e+01            0
            0            0            0  -8.7227e+01            0            0            0  -1.6543e+01
  -2.7369e+01  -1.4286e+01  -1.5232e-15            0  -1.0809e+02   2.6801e+00  -4.2670e-15            0
   1.4286e+01  -3.2756e+00   4.6275e-16            0   2.6801e+00  -8.8041e+01   1.2963e-15            0
  -3.6672e-15  -1.1141e-15  -1.6543e+01            0  -4.2670e-15   1.2963e-15  -8.7227e+01            0
            0            0            0  -1.6543e+01            0            0            0  -8.7227e+01
after solving eigen quation: 2
MO Coefficient Matrix for Alpha: 
  -6.7810e-01  -4.1492e-32   2.0984e-16  -3.8108e-01   2.0044e-01   5.9563e-01  -4.1492e-32  -2.4234e-15
  -2.0044e-01  -6.2244e-32  -1.9368e-15   5.9563e-01  -6.7810e-01   3.8108e-01  -6.2244e-32   4.7518e-17
  -6.3040e-16   6.7519e-17   7.0711e-01   2.7068e-15   2.2427e-15   2.9315e-15   6.7519e-17   7.0711e-01
            0  -7.0711e-01   1.1102e-16   1.9722e-31   1.9722e-31   3.9443e-31  -7.0711e-01   1.1102e-16
  -6.7810e-01   2.7343e-32  -1.3858e-15   3.8108e-01   2.0044e-01  -5.9563e-01   2.7343e-32   1.4049e-15
   2.0044e-01  -3.6215e-32  -2.4425e-15   5.9563e-01   6.7810e-01   3.8108e-01  -3.6215e-32  -3.4417e-15
  -5.2185e-16            0   7.0711e-01   1.7102e-15  -1.5186e-15  -2.0962e-15            0  -7.0711e-01
            0  -7.0711e-01            0            0            0            0   7.0711e-01            0
MO Coefficient Matrix for Beta: 
   6.7657e-01   1.2259e-30  -8.6426e-16  -3.8234e-01   2.0554e-01  -5.9483e-01   1.8783e-15   3.7778e-16
   2.0554e-01  -6.0012e-31   8.0017e-16   5.9483e-01  -6.7657e-01  -3.8234e-01   9.4363e-16   1.8980e-16
   2.2204e-16  -1.6717e-15   7.0711e-01  -1.3878e-15  -5.8287e-16   2.3315e-15   6.9322e-01   1.3943e-01
   4.9304e-32  -7.0711e-01  -1.6653e-15   1.5777e-30   2.4652e-32  -5.9165e-30  -1.3943e-01   6.9322e-01
   6.7657e-01  -5.6840e-31   6.0110e-16   3.8234e-01   2.0554e-01   5.9483e-01  -1.8445e-15  -3.5762e-16
  -2.0554e-01  -1.9722e-30   1.4433e-15   5.9483e-01   6.7657e-01  -3.8234e-01   1.5543e-15   3.3307e-16
   1.3878e-16  -1.9984e-15   7.0711e-01  -1.2212e-15   1.1102e-16  -2.3315e-15  -6.9322e-01  -1.3943e-01
   1.2442e-32  -7.0711e-01  -1.9829e-15   2.1332e-30  -6.4239e-32   6.9134e-30   1.3943e-01  -6.9322e-01
p: 4 q: 1
Density Matrix for Alpha: 
   6.0505e-01  -9.1067e-02  -4.5567e-16  -2.2519e-32   3.1460e-01  -3.6290e-01  -1.4948e-16   2.9339e-32
  -9.1067e-02   3.9495e-01   3.6909e-16  -5.3551e-32   3.6290e-01   3.1460e-01  -2.4629e-16   4.4013e-32
  -4.5567e-16   3.6909e-16   5.0000e-01   3.0761e-17   4.7908e-16  -2.4117e-16   5.0000e-01  -4.7743e-17
  -2.2519e-32  -5.3551e-32   3.0761e-17   5.0000e-01  -9.8035e-32  -1.2810e-31   7.8505e-17   5.0000e-01
   3.1460e-01   3.6290e-01   4.7908e-16  -9.8035e-32   6.0505e-01   9.1067e-02   2.5693e-17  -1.9334e-32
  -3.6290e-01   3.1460e-01  -2.4117e-16  -1.2810e-31   9.1067e-02   3.9495e-01  -8.1303e-16   2.5608e-32
  -1.4948e-16  -2.4629e-16   5.0000e-01   7.8505e-17   2.5693e-17  -8.1303e-16   5.0000e-01            0
   2.9339e-32   4.4013e-32  -4.7743e-17   5.0000e-01  -1.9334e-32   2.5608e-32            0   5.0000e-01
Density Matrix for Beta: 
   4.5775e-01   1.3906e-01   1.5023e-16   3.3358e-32   4.5775e-01  -1.3906e-01   9.3894e-17   8.4180e-33
   1.3906e-01   4.2247e-02   4.5639e-17   1.0134e-32   1.3906e-01  -4.2247e-02   2.8524e-17   2.5573e-33
   1.5023e-16   4.5639e-17   4.9304e-32   1.0948e-47   1.5023e-16  -4.5639e-17   3.0815e-32   2.7627e-48
   3.3358e-32   1.0134e-32   1.0948e-47   2.4309e-63   3.3358e-32  -1.0134e-32   6.8423e-48   6.1344e-64
   4.5775e-01   1.3906e-01   1.5023e-16   3.3358e-32   4.5775e-01  -1.3906e-01   9.3894e-17   8.4180e-33
  -1.3906e-01  -4.2247e-02  -4.5639e-17  -1.0134e-32  -1.3906e-01   4.2247e-02  -2.8524e-17  -2.5573e-33
   9.3894e-17   2.8524e-17   3.0815e-32   6.8423e-48   9.3894e-17  -2.8524e-17   1.9259e-32   1.7267e-48
   8.4180e-33   2.5573e-33   2.7627e-48   6.1344e-64   8.4180e-33  -2.5573e-33   1.7267e-48   1.5480e-64
Total Density Matrix: 
   1.0628e+00   4.7996e-02  -3.0544e-16   1.0839e-32   7.7236e-01  -5.0196e-01  -5.5589e-17   3.7757e-32
   4.7996e-02   4.3720e-01   4.1472e-16  -4.3417e-32   5.0196e-01   2.7236e-01  -2.1776e-16   4.6571e-32
  -3.0544e-16   4.1472e-16   5.0000e-01   3.0761e-17   6.2931e-16  -2.8681e-16   5.0000e-01  -4.7743e-17
   1.0839e-32  -4.3417e-32   3.0761e-17   5.0000e-01  -6.4677e-32  -1.3823e-31   7.8505e-17   5.0000e-01
   7.7236e-01   5.0196e-01   6.2931e-16  -6.4677e-32   1.0628e+00  -4.7996e-02   1.1959e-16  -1.0916e-32
  -5.0196e-01   2.7236e-01  -2.8681e-16  -1.3823e-31  -4.7996e-02   4.3720e-01  -8.4155e-16   2.3050e-32
  -5.5589e-17  -2.1776e-16   5.0000e-01   7.8505e-17   1.1959e-16  -8.4155e-16   5.0000e-01   1.7267e-48
   3.7757e-32   4.6571e-32  -4.7743e-17   5.0000e-01  -1.0916e-32   2.3050e-32   1.7267e-48   5.0000e-01
Total Density Vector
   2.5000
   2.5000
Iteration: 3
Fock Matrix for Alpha: 
  -1.1093e+02   1.7551e+00   8.7818e-15   4.3399e-31  -2.4999e+01   1.7994e+01   2.4759e-15  -4.8594e-31
   1.7551e+00  -9.4839e+01  -7.1131e-15   1.0321e-30  -1.7994e+01  -9.1861e+00   4.0793e-15  -7.2899e-31
   8.7818e-15  -7.1131e-15  -9.6863e+01  -5.9284e-16  -7.9351e-15   3.9945e-15  -2.4824e+01   7.9077e-16
   4.3399e-31   1.0321e-30  -5.9284e-16  -9.6863e+01   1.6237e-30   2.1216e-30  -1.3003e-15  -2.4824e+01
  -2.4999e+01  -1.7994e+01  -7.9351e-15   1.6237e-30  -1.1093e+02  -1.7551e+00  -4.9516e-16   3.7261e-31
   1.7994e+01  -9.1861e+00   3.9945e-15   2.1216e-30  -1.7551e+00  -9.4839e+01   1.5669e-14  -4.9352e-31
   2.4759e-15   4.0793e-15  -2.4824e+01  -1.3003e-15  -4.9516e-16   1.5669e-14  -9.6863e+01            0
  -4.8594e-31  -7.2899e-31   7.9077e-16  -2.4824e+01   3.7261e-31  -4.9352e-31            0  -9.6863e+01
Fock Matrix for Beta: 
  -1.0809e+02  -2.6801e+00  -2.8953e-15  -6.4288e-31  -2.7369e+01   1.4286e+01  -1.5552e-15  -1.3943e-31
  -2.6801e+00  -8.8041e+01  -8.7957e-16  -1.9530e-31  -1.4286e+01  -3.2756e+00  -4.7245e-16  -4.2357e-32
  -2.8953e-15  -8.7957e-16  -8.7227e+01  -2.1099e-46  -2.4883e-15   7.5592e-16  -1.6543e+01  -4.5758e-47
  -6.4288e-31  -1.9530e-31  -2.1099e-46  -8.7227e+01  -5.5250e-31   1.6785e-31  -1.1333e-46  -1.6543e+01
  -2.7369e+01  -1.4286e+01  -2.4883e-15  -5.5250e-31  -1.0809e+02   2.6801e+00  -1.8095e-15  -1.6223e-31
   1.4286e+01  -3.2756e+00   7.5592e-16   1.6785e-31   2.6801e+00  -8.8041e+01   5.4973e-16   4.9286e-32
  -1.5552e-15  -4.7245e-16  -1.6543e+01  -1.1333e-46  -1.8095e-15   5.4973e-16  -8.7227e+01  -3.3277e-47
  -1.3943e-31  -4.2357e-32  -4.5758e-47  -1.6543e+01  -1.6223e-31   4.9286e-32  -3.3277e-47  -8.7227e+01
after solving eigen quation: 3
MO Coefficient Matrix for Alpha: 
   6.7823e-01   1.2678e-15  -1.3842e-32   3.8194e-01  -2.0001e-01   5.9508e-01  -4.6101e-15  -1.3842e-32
   2.0001e-01  -1.4538e-15  -2.0765e-32  -5.9508e-01   6.7823e-01   3.8194e-01  -3.0450e-15  -2.0765e-32
  -5.5511e-16   7.0711e-01   2.2525e-17  -2.4980e-15  -6.9389e-16   5.9952e-15   7.0711e-01   2.2525e-17
            0            0  -7.0711e-01            0  -2.4652e-32            0            0  -7.0711e-01
   6.7823e-01  -8.8509e-16   1.0614e-32  -3.8194e-01  -2.0001e-01  -5.9508e-01   4.7393e-15   1.0614e-32
  -2.0001e-01  -2.6153e-15  -1.4058e-32  -5.9508e-01  -6.7823e-01   3.8194e-01  -3.6020e-15  -1.4058e-32
  -2.2204e-16   7.0711e-01            0  -1.9984e-15  -1.1102e-16  -5.6066e-15  -7.0711e-01            0
            0            0  -7.0711e-01            0            0            0            0   7.0711e-01
MO Coefficient Matrix for Beta: 
   6.7657e-01   5.9596e-33  -7.5545e-16  -3.8234e-01  -2.0554e-01  -5.9483e-01   1.6137e-15   5.9596e-33
   2.0554e-01   1.8105e-33   5.6797e-16   5.9483e-01   6.7657e-01  -3.8234e-01   1.5905e-16   1.8105e-33
   9.9386e-17   1.9559e-48  -7.0711e-01   1.4222e-15   2.7578e-16   1.8670e-15   7.0711e-01   1.9559e-48
  -1.2326e-32   7.0711e-01            0            0            0            0            0   7.0711e-01
   6.7657e-01   6.9345e-33   1.1045e-15   3.8234e-01  -2.0554e-01   5.9483e-01  -1.3233e-15   6.9345e-33
  -2.0554e-01  -2.1067e-33   1.1007e-15   5.9483e-01  -6.7657e-01  -3.8234e-01   1.1809e-15  -2.1067e-33
   7.9908e-17            0  -7.0711e-01   8.7043e-16  -7.9892e-16  -1.4260e-15  -7.0711e-01            0
            0   7.0711e-01            0            0            0            0            0  -7.0711e-01
p: 4 q: 1
Density Matrix for Alpha: 
   6.0587e-01  -9.1629e-02  -4.3411e-16   9.7876e-33   3.1412e-01  -3.6294e-01  -1.7396e-17   9.7876e-33
  -9.1629e-02   3.9413e-01   3.4750e-16   1.4683e-32   3.6294e-01   3.1412e-01   1.1682e-16   1.4683e-32
  -4.3411e-16   3.4750e-16   5.0000e-01  -1.5927e-17  -4.8264e-17  -2.5173e-16   5.0000e-01  -1.5927e-17
   9.7876e-33   1.4683e-32  -1.5927e-17   5.0000e-01  -7.5050e-33   9.9403e-33            0   5.0000e-01
   3.1412e-01   3.6294e-01  -4.8264e-17  -7.5050e-33   6.0587e-01   9.1629e-02  -1.3185e-17  -7.5050e-33
  -3.6294e-01   3.1412e-01  -2.5173e-16   9.9403e-33   9.1629e-02   3.9413e-01  -6.1566e-16   9.9403e-33
  -1.7396e-17   1.1682e-16   5.0000e-01            0  -1.3185e-17  -6.1566e-16   5.0000e-01            0
   9.7876e-33   1.4683e-32  -1.5927e-17   5.0000e-01  -7.5050e-33   9.9403e-33            0   5.0000e-01
Density Matrix for Beta: 
   4.5775e-01   1.3906e-01   6.7242e-17  -8.3394e-33   4.5775e-01  -1.3906e-01   5.4064e-17            0
   1.3906e-01   4.2247e-02   2.0428e-17  -2.5335e-33   1.3906e-01  -4.2247e-02   1.6424e-17            0
   6.7242e-17   2.0428e-17   9.8777e-33  -1.2250e-48   6.7242e-17  -2.0428e-17   7.9417e-33            0
  -8.3394e-33  -2.5335e-33  -1.2250e-48   1.5193e-64  -8.3394e-33   2.5335e-33  -9.8494e-49            0
   4.5775e-01   1.3906e-01   6.7242e-17  -8.3394e-33   4.5775e-01  -1.3906e-01   5.4064e-17            0
  -1.3906e-01  -4.2247e-02  -2.0428e-17   2.5335e-33  -1.3906e-01   4.2247e-02  -1.6424e-17            0
   5.4064e-17   1.6424e-17   7.9417e-33  -9.8494e-49   5.4064e-17  -1.6424e-17   6.3853e-33            0
            0            0            0            0            0            0            0            0
Total Density Matrix: 
   1.0636e+00   4.7435e-02  -3.6687e-16   1.4482e-33   7.7187e-01  -5.0200e-01   3.6668e-17   9.7876e-33
   4.7435e-02   4.3638e-01   3.6793e-16   1.2150e-32   5.0200e-01   2.7187e-01   1.3324e-16   1.4683e-32
  -3.6687e-16   3.6793e-16   5.0000e-01  -1.5927e-17   1.8978e-17  -2.7216e-16   5.0000e-01  -1.5927e-17
   1.4482e-33   1.2150e-32  -1.5927e-17   5.0000e-01  -1.5844e-32   1.2474e-32  -9.8494e-49   5.0000e-01
   7.7187e-01   5.0200e-01   1.8978e-17  -1.5844e-32   1.0636e+00  -4.7435e-02   4.0878e-17  -7.5050e-33
  -5.0200e-01   2.7187e-01  -2.7216e-16   1.2474e-32  -4.7435e-02   4.3638e-01  -6.3208e-16   9.9403e-33
   3.6668e-17   1.3324e-16   5.0000e-01  -9.8494e-49   4.0878e-17  -6.3208e-16   5.0000e-01            0
   9.7876e-33   1.4683e-32  -1.5927e-17   5.0000e-01  -7.5050e-33   9.9403e-33            0   5.0000e-01
Total Density Vector
   2.5000
   2.5000
Iteration: 4
Fock Matrix for Alpha: 
  -1.1094e+02   1.7659e+00   8.3663e-15  -1.8863e-31  -2.4990e+01   1.7994e+01   2.8813e-16  -1.6211e-31
   1.7659e+00  -9.4823e+01  -6.6971e-15  -2.8298e-31  -1.7994e+01  -9.1780e+00  -1.9348e-15  -2.4319e-31
   8.3663e-15  -6.6971e-15  -9.6863e+01   3.0696e-16   7.9940e-16   4.1695e-15  -2.4824e+01   2.6380e-16
  -1.8863e-31  -2.8298e-31   3.0696e-16  -9.6863e+01   1.2431e-31  -1.6464e-31            0  -2.4824e+01
  -2.4990e+01  -1.7994e+01   7.9940e-16   1.2431e-31  -1.1094e+02  -1.7659e+00   2.5411e-16   1.4464e-31
   1.7994e+01  -9.1780e+00   4.1695e-15  -1.6464e-31  -1.7659e+00  -9.4823e+01   1.1865e-14  -1.9157e-31
   2.8813e-16  -1.9348e-15  -2.4824e+01            0   2.5411e-16   1.1865e-14  -9.6863e+01            0
  -1.6211e-31  -2.4319e-31   2.6380e-16  -2.4824e+01   1.4464e-31  -1.9157e-31            0  -9.6863e+01
Fock Matrix for Beta: 
  -1.0809e+02  -2.6801e+00  -1.2959e-15   1.6072e-31  -2.7369e+01   1.4286e+01  -8.9545e-16            0
  -2.6801e+00  -8.8041e+01  -3.9369e-16   4.8826e-32  -1.4286e+01  -3.2756e+00  -2.7204e-16            0
  -1.2959e-15  -3.9369e-16  -8.7227e+01   2.3609e-47  -1.1137e-15   3.3835e-16  -1.6543e+01            0
   1.6072e-31   4.8826e-32   2.3609e-47  -8.7227e+01   1.3813e-31  -4.1962e-32   1.6314e-47  -1.6543e+01
  -2.7369e+01  -1.4286e+01  -1.1137e-15   1.3813e-31  -1.0809e+02   2.6801e+00  -1.0419e-15            0
   1.4286e+01  -3.2756e+00   3.3835e-16  -4.1962e-32   2.6801e+00  -8.8041e+01   3.1653e-16            0
  -8.9545e-16  -2.7204e-16  -1.6543e+01   1.6314e-47  -1.0419e-15   3.1653e-16  -8.7227e+01            0
            0            0            0  -1.6543e+01            0            0            0  -8.7227e+01
after solving eigen quation: 4
MO Coefficient Matrix for Alpha: 
   6.7827e-01  -1.4329e-15  -4.6176e-33   3.8230e-01   1.9987e-01  -5.9485e-01  -1.2630e-14  -4.6176e-33
   1.9987e-01   4.5879e-16  -6.9273e-33  -5.9485e-01  -6.7827e-01  -3.8230e-01  -1.0515e-14  -6.9273e-33
  -1.6128e-15  -7.0711e-01   7.5143e-18  -9.4636e-16   2.3768e-15   1.5407e-14  -7.0711e-01   7.5143e-18
            0            0  -7.0711e-01            0            0            0            0  -7.0711e-01
   6.7827e-01  -6.2182e-16   4.1200e-33  -3.8230e-01   1.9987e-01   5.9485e-01   1.3414e-14   4.1200e-33
  -1.9987e-01   1.2712e-15  -5.4568e-33  -5.9485e-01   6.7827e-01  -3.8230e-01  -6.1466e-15  -5.4568e-33
  -9.8475e-16  -7.0711e-01            0  -9.0287e-16  -2.2065e-15  -1.5662e-14   7.0711e-01            0
            0            0  -7.0711e-01            0            0            0            0   7.0711e-01
MO Coefficient Matrix for Beta: 
   6.7657e-01  -4.4852e-16            0   3.8234e-01   2.0554e-01   5.9483e-01  -5.7002e-15            0
   2.0554e-01   2.8801e-16            0  -5.9483e-01  -6.7657e-01   3.8234e-01  -3.2669e-15            0
   4.6092e-17  -7.0711e-01            0  -9.3461e-16   7.5665e-29  -6.4186e-15  -7.0711e-01            0
            0            0  -7.0711e-01            0            0            0            0  -7.0711e-01
   6.7657e-01   5.3195e-16            0  -3.8234e-01   2.0554e-01  -5.9483e-01   5.7050e-15            0
  -2.0554e-01   2.6266e-16            0  -5.9483e-01   6.7657e-01   3.8234e-01  -3.2684e-15            0
   4.1101e-17  -7.0711e-01            0  -4.6373e-16   3.6506e-28   6.0025e-15   7.0711e-01            0
            0            0  -7.0711e-01            0            0            0            0   7.0711e-01
p: 4 q: 1
Density Matrix for Alpha: 
   6.0621e-01  -9.1846e-02  -4.4251e-16   3.2652e-33   3.1390e-01  -3.6298e-01   1.2973e-19   3.2652e-33
  -9.1846e-02   3.9379e-01  -8.3830e-17   4.8983e-33   3.6298e-01   3.1390e-01   1.5838e-17   4.8983e-33
  -4.4251e-16  -8.3830e-17   5.0000e-01  -5.3134e-18  -2.9245e-16  -1.3567e-17   5.0000e-01  -5.3134e-18
   3.2652e-33   4.8983e-33  -5.3134e-18   5.0000e-01  -2.9132e-33   3.8586e-33            0   5.0000e-01
   3.1390e-01   3.6298e-01  -2.9245e-16  -2.9132e-33   6.0621e-01   9.1846e-02   1.1694e-16  -2.9132e-33
  -3.6298e-01   3.1390e-01  -1.3567e-17   3.8586e-33   9.1846e-02   3.9379e-01  -1.6497e-16   3.8586e-33
   1.2973e-19   1.5838e-17   5.0000e-01            0   1.1694e-16  -1.6497e-16   5.0000e-01            0
   3.2652e-33   4.8983e-33  -5.3134e-18   5.0000e-01  -2.9132e-33   3.8586e-33            0   5.0000e-01
Density Matrix for Beta: 
   4.5775e-01   1.3906e-01   3.1185e-17            0   4.5775e-01  -1.3906e-01   2.7808e-17            0
   1.3906e-01   4.2247e-02   9.4738e-18            0   1.3906e-01  -4.2247e-02   8.4479e-18            0
   3.1185e-17   9.4738e-18   2.1245e-33            0   3.1185e-17  -9.4738e-18   1.8944e-33            0
            0            0            0            0            0            0            0            0
   4.5775e-01   1.3906e-01   3.1185e-17            0   4.5775e-01  -1.3906e-01   2.7808e-17            0
  -1.3906e-01  -4.2247e-02  -9.4738e-18            0  -1.3906e-01   4.2247e-02  -8.4479e-18            0
   2.7808e-17   8.4479e-18   1.8944e-33            0   2.7808e-17  -8.4479e-18   1.6893e-33            0
            0            0            0            0            0            0            0            0
Total Density Matrix: 
   1.0640e+00   4.7218e-02  -4.1133e-16   3.2652e-33   7.7165e-01  -5.0204e-01   2.7938e-17   3.2652e-33
   4.7218e-02   4.3604e-01  -7.4357e-17   4.8983e-33   5.0204e-01   2.7165e-01   2.4286e-17   4.8983e-33
  -4.1133e-16  -7.4357e-17   5.0000e-01  -5.3134e-18  -2.6127e-16  -2.3041e-17   5.0000e-01  -5.3134e-18
   3.2652e-33   4.8983e-33  -5.3134e-18   5.0000e-01  -2.9132e-33   3.8586e-33            0   5.0000e-01
   7.7165e-01   5.0204e-01  -2.6127e-16  -2.9132e-33   1.0640e+00  -4.7218e-02   1.4474e-16  -2.9132e-33
  -5.0204e-01   2.7165e-01  -2.3041e-17   3.8586e-33  -4.7218e-02   4.3604e-01  -1.7342e-16   3.8586e-33
   2.7938e-17   2.4286e-17   5.0000e-01            0   1.4474e-16  -1.7342e-16   5.0000e-01            0
   3.2652e-33   4.8983e-33  -5.3134e-18   5.0000e-01  -2.9132e-33   3.8586e-33            0   5.0000e-01
Total Density Vector
   2.5000
   2.5000
Iteration: 5
Fock Matrix for Alpha: 
  -1.1095e+02   1.7701e+00   8.5282e-15  -6.2928e-32  -2.4987e+01   1.7995e+01  -2.1488e-18  -5.4081e-32
   1.7701e+00  -9.4816e+01   1.6156e-15  -9.4402e-32  -1.7995e+01  -9.1744e+00  -2.6233e-16  -8.1131e-32
   8.5282e-15   1.6156e-15  -9.6863e+01   1.0240e-16   4.8439e-15   2.2471e-16  -2.4824e+01   8.8006e-17
  -6.2928e-32  -9.4402e-32   1.0240e-16  -9.6863e+01   4.8252e-32  -6.3909e-32            0  -2.4824e+01
  -2.4987e+01  -1.7995e+01   4.8439e-15   4.8252e-32  -1.1095e+02  -1.7701e+00  -2.2536e-15   5.6145e-32
   1.7995e+01  -9.1744e+00   2.2471e-16  -6.3909e-32  -1.7701e+00  -9.4816e+01   3.1794e-15  -7.4363e-32
  -2.1488e-18  -2.6233e-16  -2.4824e+01            0  -2.2536e-15   3.1794e-15  -9.6863e+01            0
  -5.4081e-32  -8.1131e-32   8.8006e-17  -2.4824e+01   5.6145e-32  -7.4363e-32            0  -9.6863e+01
Fock Matrix for Beta: 
  -1.0809e+02  -2.6801e+00  -6.0100e-16            0  -2.7369e+01   1.4286e+01  -4.6058e-16            0
  -2.6801e+00  -8.8041e+01  -1.8258e-16            0  -1.4286e+01  -3.2756e+00  -1.3992e-16            0
  -6.0100e-16  -1.8258e-16  -8.7227e+01            0  -5.1651e-16   1.5691e-16  -1.6543e+01            0
            0            0            0  -8.7227e+01            0            0            0  -1.6543e+01
  -2.7369e+01  -1.4286e+01  -5.1651e-16            0  -1.0809e+02   2.6801e+00  -5.3592e-16            0
   1.4286e+01  -3.2756e+00   1.5691e-16            0   2.6801e+00  -8.8041e+01   1.6281e-16            0
  -4.6058e-16  -1.3992e-16  -1.6543e+01            0  -5.3592e-16   1.6281e-16  -8.7227e+01            0
            0            0            0  -1.6543e+01            0            0            0  -8.7227e+01
after solving eigen quation: 5
MO Coefficient Matrix for Alpha: 
   6.7829e-01   4.2385e-31   5.7399e-17   3.8246e-01   1.9982e-01   5.9475e-01  -9.9223e-16   1.5976e-15
   1.9982e-01   4.6283e-31  -5.8361e-16  -5.9475e-01  -6.7829e-01   3.8246e-01  -3.5815e-16   5.7667e-16
  -3.3307e-16   1.3149e-15  -7.0711e-01   7.2164e-16  -6.1062e-16  -2.1094e-15  -3.7307e-01   6.0068e-01
   9.8608e-32  -7.0711e-01  -1.3323e-15   7.8886e-31  -2.9582e-31  -1.1438e-29   6.0068e-01   3.7307e-01
   6.7829e-01   7.4842e-31  -5.3549e-16  -3.8246e-01   1.9982e-01  -5.9475e-01   7.6680e-16  -1.2046e-15
  -1.9982e-01   3.9231e-31  -5.5511e-16  -5.9475e-01   6.7829e-01   3.8246e-01  -8.8818e-16   1.4433e-15
  -1.9429e-16   1.5543e-15  -7.0711e-01   5.5511e-16   4.4409e-16   1.9984e-15   3.7307e-01  -6.0068e-01
   6.0311e-32  -7.0711e-01  -1.5148e-15   9.3944e-31   4.5484e-31   1.2109e-29  -6.0068e-01  -3.7307e-01
MO Coefficient Matrix for Beta: 
  -6.7657e-01   7.4004e-17   1.4388e-16  -3.8234e-01  -2.0554e-01  -5.9483e-01  -7.8633e-17  -3.4774e-16
  -2.0554e-01   1.4858e-16   2.8887e-16   5.9483e-01   6.7657e-01  -3.8234e-01  -1.6551e-16  -7.3193e-16
   1.1102e-16   3.2342e-01   6.2881e-01  -6.1062e-16   8.3267e-16  -3.3307e-16   1.5596e-01   6.8969e-01
            0  -6.2881e-01   3.2342e-01            0            0            0   6.8969e-01  -1.5596e-01
  -6.7657e-01   5.5511e-17   1.1102e-16   3.8234e-01  -2.0554e-01   5.9483e-01   1.6653e-16   7.7716e-16
   2.0554e-01   2.2204e-16   4.4409e-16   5.9483e-01  -6.7657e-01  -3.8234e-01   1.1102e-16   5.5511e-16
   1.1102e-16   3.2342e-01   6.2881e-01  -1.1102e-16  -5.5511e-16   7.7716e-16  -1.5596e-01  -6.8969e-01
            0  -6.2881e-01   3.2342e-01            0            0            0  -6.8969e-01   1.5596e-01
p: 4 q: 1
Density Matrix for Alpha: 
   6.0634e-01  -9.1931e-02   9.4947e-18  -7.5897e-33   3.1380e-01  -3.6300e-01   3.9934e-17   1.3546e-32
  -9.1931e-02   3.9366e-01  -8.3076e-17   7.8189e-34   3.6300e-01   3.1380e-01   4.3700e-17   1.0102e-32
   9.4947e-18  -8.3076e-17   5.0000e-01   1.2273e-17  -1.2327e-16   2.9878e-17   5.0000e-01   1.4134e-16
  -7.5897e-33   7.8189e-34   1.2273e-17   5.0000e-01  -5.0620e-32  -2.6729e-32  -1.5701e-16   5.0000e-01
   3.1380e-01   3.6300e-01  -1.2327e-16  -5.0620e-32   6.0634e-01   9.1931e-02   3.4556e-17  -3.6441e-32
  -3.6300e-01   3.1380e-01   2.9878e-17  -2.6729e-32   9.1931e-02   3.9366e-01   1.0119e-16  -7.3058e-33
   3.9934e-17   4.3700e-17   5.0000e-01  -1.5701e-16   3.4556e-17   1.0119e-16   5.0000e-01  -2.7940e-17
   1.3546e-32   1.0102e-32   1.4134e-16   5.0000e-01  -3.6441e-32  -7.3058e-33  -2.7940e-17   5.0000e-01
Density Matrix for Beta: 
   4.5775e-01   1.3906e-01  -7.5115e-17            0   4.5775e-01  -1.3906e-01  -7.5115e-17            0
   1.3906e-01   4.2247e-02  -2.2820e-17            0   1.3906e-01  -4.2247e-02  -2.2820e-17            0
  -7.5115e-17  -2.2820e-17   1.2326e-32            0  -7.5115e-17   2.2820e-17   1.2326e-32            0
            0            0            0            0            0            0            0            0
   4.5775e-01   1.3906e-01  -7.5115e-17            0   4.5775e-01  -1.3906e-01  -7.5115e-17            0
  -1.3906e-01  -4.2247e-02   2.2820e-17            0  -1.3906e-01   4.2247e-02   2.2820e-17            0
  -7.5115e-17  -2.2820e-17   1.2326e-32            0  -7.5115e-17   2.2820e-17   1.2326e-32            0
            0            0            0            0            0            0            0            0
Total Density Matrix: 
   1.0641e+00   4.7133e-02  -6.5620e-17  -7.5897e-33   7.7155e-01  -5.0206e-01  -3.5181e-17   1.3546e-32
   4.7133e-02   4.3590e-01  -1.0590e-16   7.8189e-34   5.0206e-01   2.7155e-01   2.0881e-17   1.0102e-32
  -6.5620e-17  -1.0590e-16   5.0000e-01   1.2273e-17  -1.9838e-16   5.2697e-17   5.0000e-01   1.4134e-16
  -7.5897e-33   7.8189e-34   1.2273e-17   5.0000e-01  -5.0620e-32  -2.6729e-32  -1.5701e-16   5.0000e-01
   7.7155e-01   5.0206e-01  -1.9838e-16  -5.0620e-32   1.0641e+00  -4.7133e-02  -4.0558e-17  -3.6441e-32
  -5.0206e-01   2.7155e-01   5.2697e-17  -2.6729e-32  -4.7133e-02   4.3590e-01   1.2401e-16  -7.3058e-33
  -3.5181e-17   2.0881e-17   5.0000e-01  -1.5701e-16  -4.0558e-17   1.2401e-16   5.0000e-01  -2.7940e-17
   1.3546e-32   1.0102e-32   1.4134e-16   5.0000e-01  -3.6441e-32  -7.3058e-33  -2.7940e-17   5.0000e-01
Total Density Vector
   2.5000
   2.5000
Iteration: 6
Fock Matrix for Alpha: 
  -1.1095e+02   1.7717e+00  -1.8298e-16   1.4627e-31  -2.4985e+01   1.7995e+01  -6.6143e-16  -2.2436e-31
   1.7717e+00  -9.4814e+01   1.6011e-15  -1.5069e-32  -1.7995e+01  -9.1728e+00  -7.2381e-16  -1.6732e-31
  -1.8298e-16   1.6011e-15  -9.6863e+01  -2.3652e-16   2.0417e-15  -4.9486e-16  -2.4824e+01  -2.3410e-15
   1.4627e-31  -1.5069e-32  -2.3652e-16  -9.6863e+01   8.3842e-31   4.4271e-31   2.6005e-15  -2.4824e+01
  -2.4985e+01  -1.7995e+01   2.0417e-15   8.3842e-31  -1.1095e+02  -1.7717e+00  -6.6598e-16   7.0231e-31
   1.7995e+01  -9.1728e+00  -4.9486e-16   4.4271e-31  -1.7717e+00  -9.4814e+01  -1.9502e-15   1.4080e-31
  -6.6143e-16  -7.2381e-16  -2.4824e+01   2.6005e-15  -6.6598e-16  -1.9502e-15  -9.6863e+01   5.3847e-16
  -2.2436e-31  -1.6732e-31  -2.3410e-15  -2.4824e+01   7.0231e-31   1.4080e-31   5.3847e-16  -9.6863e+01
Fock Matrix for Beta: 
  -1.0809e+02  -2.6801e+00   1.4476e-15            0  -2.7369e+01   1.4286e+01   1.2441e-15            0
  -2.6801e+00  -8.8041e+01   4.3979e-16            0  -1.4286e+01  -3.2756e+00   3.7796e-16            0
   1.4476e-15   4.3979e-16  -8.7227e+01            0   1.2441e-15  -3.7796e-16  -1.6543e+01            0
            0            0            0  -8.7227e+01            0            0            0  -1.6543e+01
  -2.7369e+01  -1.4286e+01   1.2441e-15            0  -1.0809e+02   2.6801e+00   1.4476e-15            0
   1.4286e+01  -3.2756e+00  -3.7796e-16            0   2.6801e+00  -8.8041e+01  -4.3979e-16            0
   1.2441e-15   3.7796e-16  -1.6543e+01            0   1.4476e-15  -4.3979e-16  -8.7227e+01            0
            0            0            0  -1.6543e+01            0            0            0  -8.7227e+01
after solving eigen quation: 6
MO Coefficient Matrix for Alpha: 
  -6.7829e-01   6.3907e-33   2.8298e-16  -3.8252e-01   1.9980e-01   5.9471e-01  -9.8473e-16  -6.3907e-33
  -1.9980e-01   4.7661e-33   2.3432e-16   5.9471e-01  -6.7829e-01   3.8252e-01  -3.6629e-16  -4.7661e-33
   3.3307e-16   6.6683e-17   7.0711e-01  -3.3307e-16  -4.1633e-16  -1.2212e-15  -7.0711e-01  -6.6683e-17
  -4.9304e-32   7.0711e-01  -1.1102e-16   4.9304e-32   4.9304e-32            0   1.1102e-16  -7.0711e-01
  -6.7829e-01  -2.0005e-32   3.2187e-16   3.8252e-01   1.9980e-01  -5.9471e-01   7.1208e-16   2.0005e-32
   1.9980e-01  -4.0106e-33   1.5701e-16   5.9471e-01   6.7829e-01   3.8252e-01  -1.0642e-15   4.0106e-33
   2.4980e-16            0   7.0711e-01  -1.1102e-16   2.2204e-16   9.4369e-16   7.0711e-01            0
            0   7.0711e-01            0            0            0            0            0   7.0711e-01
MO Coefficient Matrix for Beta: 
  -6.7657e-01   8.7862e-18  -7.5418e-17   3.8234e-01   2.0554e-01   5.9483e-01  -3.7274e-17  -6.6149e-17
  -2.0554e-01   2.1965e-18  -1.8855e-17  -5.9483e-01  -6.7657e-01   3.8234e-01  -9.3186e-18  -1.6537e-17
  -1.1102e-16  -8.1824e-02   7.0236e-01   5.5511e-17            0   1.1102e-16   3.4713e-01   6.1604e-01
            0   7.0236e-01   8.1824e-02            0            0            0  -6.1604e-01   3.4713e-01
  -6.7657e-01            0            0  -3.8234e-01   2.0554e-01  -5.9483e-01            0            0
   2.0554e-01            0            0  -5.9483e-01   6.7657e-01   3.8234e-01            0            0
            0  -8.1824e-02   7.0236e-01            0            0            0  -3.4713e-01  -6.1604e-01
            0   7.0236e-01   8.1824e-02            0            0            0   6.1604e-01  -3.4713e-01
p: 4 q: 1
Density Matrix for Alpha: 
   6.0640e-01  -9.1965e-02   1.0158e-16  -1.2315e-32   3.1376e-01  -3.6301e-01   7.3127e-17   4.5189e-33
  -9.1965e-02   3.9360e-01  -9.8937e-17   1.6528e-32   3.6301e-01   3.1376e-01   4.9751e-17   3.3702e-33
   1.0158e-16  -9.8937e-17   5.0000e-01  -3.1352e-17  -1.2572e-16  -2.0509e-17   5.0000e-01   4.7152e-17
  -1.2315e-32   1.6528e-32  -3.1352e-17   5.0000e-01   2.4215e-33  -7.9695e-34  -7.8505e-17   5.0000e-01
   3.1376e-01   3.6301e-01  -1.2572e-16   2.4215e-33   6.0640e-01   9.1965e-02   1.5693e-17  -1.4146e-32
  -3.6301e-01   3.1376e-01  -2.0509e-17  -7.9695e-34   9.1965e-02   3.9360e-01   9.4907e-17  -2.8359e-33
   7.3127e-17   4.9751e-17   5.0000e-01  -7.8505e-17   1.5693e-17   9.4907e-17   5.0000e-01            0
   4.5189e-33   3.3702e-33   4.7152e-17   5.0000e-01  -1.4146e-32  -2.8359e-33            0   5.0000e-01
Density Matrix for Beta: 
   4.5775e-01   1.3906e-01   7.5115e-17            0   4.5775e-01  -1.3906e-01            0            0
   1.3906e-01   4.2247e-02   2.2820e-17            0   1.3906e-01  -4.2247e-02            0            0
   7.5115e-17   2.2820e-17   1.2326e-32            0   7.5115e-17  -2.2820e-17            0            0
            0            0            0            0            0            0            0            0
   4.5775e-01   1.3906e-01   7.5115e-17            0   4.5775e-01  -1.3906e-01            0            0
  -1.3906e-01  -4.2247e-02  -2.2820e-17            0  -1.3906e-01   4.2247e-02            0            0
            0            0            0            0            0            0            0            0
            0            0            0            0            0            0            0            0
Total Density Matrix: 
   1.0642e+00   4.7099e-02   1.7670e-16  -1.2315e-32   7.7151e-01  -5.0207e-01   7.3127e-17   4.5189e-33
   4.7099e-02   4.3585e-01  -7.6118e-17   1.6528e-32   5.0207e-01   2.7151e-01   4.9751e-17   3.3702e-33
   1.7670e-16  -7.6118e-17   5.0000e-01  -3.1352e-17  -5.0608e-17  -4.3328e-17   5.0000e-01   4.7152e-17
  -1.2315e-32   1.6528e-32  -3.1352e-17   5.0000e-01   2.4215e-33  -7.9695e-34  -7.8505e-17   5.0000e-01
   7.7151e-01   5.0207e-01  -5.0608e-17   2.4215e-33   1.0642e+00  -4.7099e-02   1.5693e-17  -1.4146e-32
  -5.0207e-01   2.7151e-01  -4.3328e-17  -7.9695e-34  -4.7099e-02   4.3585e-01   9.4907e-17  -2.8359e-33
   7.3127e-17   4.9751e-17   5.0000e-01  -7.8505e-17   1.5693e-17   9.4907e-17   5.0000e-01            0
   4.5189e-33   3.3702e-33   4.7152e-17   5.0000e-01  -1.4146e-32  -2.8359e-33            0   5.0000e-01
Total Density Vector
   2.5000
   2.5000
Iteration: 7
Fock Matrix for Alpha: 
  -1.1095e+02   1.7724e+00  -1.9578e-15   2.3735e-31  -2.4985e+01   1.7996e+01  -1.2112e-15  -7.4846e-32
   1.7724e+00  -9.4813e+01   1.9068e-15  -3.1853e-31  -1.7996e+01  -9.1721e+00  -8.2403e-16  -5.5820e-32
  -1.9578e-15   1.9068e-15  -9.6863e+01   6.0424e-16   2.0823e-15   3.3968e-16  -2.4824e+01  -7.8098e-16
   2.3735e-31  -3.1853e-31   6.0424e-16  -9.6863e+01  -4.0108e-32   1.3200e-32   1.3003e-15  -2.4824e+01
  -2.4985e+01  -1.7996e+01   2.0823e-15  -4.0108e-32  -1.1095e+02  -1.7724e+00  -3.0243e-16   2.7262e-31
   1.7996e+01  -9.1721e+00   3.3968e-16   1.3200e-32  -1.7724e+00  -9.4813e+01  -1.8291e-15   5.4655e-32
  -1.2112e-15  -8.2403e-16  -2.4824e+01   1.3003e-15  -3.0243e-16  -1.8291e-15  -9.6863e+01            0
  -7.4846e-32  -5.5820e-32  -7.8098e-16  -2.4824e+01   2.7262e-31   5.4655e-32            0  -9.6863e+01
Fock Matrix for Beta: 
  -1.0809e+02  -2.6801e+00  -1.4476e-15            0  -2.7369e+01   1.4286e+01            0            0
  -2.6801e+00  -8.8041e+01  -4.3979e-16            0  -1.4286e+01  -3.2756e+00            0            0
  -1.4476e-15  -4.3979e-16  -8.7227e+01            0  -1.2441e-15   3.7796e-16  -1.6543e+01            0
            0            0            0  -8.7227e+01            0            0            0  -1.6543e+01
  -2.7369e+01  -1.4286e+01  -1.2441e-15            0  -1.0809e+02   2.6801e+00            0            0
   1.4286e+01  -3.2756e+00   3.7796e-16            0   2.6801e+00  -8.8041e+01            0            0
            0            0  -1.6543e+01            0            0            0  -8.7227e+01            0
            0            0            0  -1.6543e+01            0            0            0  -8.7227e+01
after solving eigen quation: 7
MO Coefficient Matrix for Alpha: 
  -6.7829e-01   1.3070e-15  -2.1320e-33   3.8255e-01   1.9979e-01   5.9469e-01  -6.8780e-15  -2.1320e-33
  -1.9979e-01  -3.9937e-16  -1.5900e-33  -5.9469e-01  -6.7829e-01   3.8255e-01  -4.8857e-15  -1.5900e-33
  -9.9920e-16  -7.0711e-01  -2.2246e-17   8.8818e-16   2.7756e-16  -8.4377e-15  -7.0711e-01  -2.2246e-17
            0            0  -7.0711e-01            0            0            0            0  -7.0711e-01
  -6.7829e-01   3.8223e-17   7.7653e-33  -3.8255e-01   1.9979e-01  -5.9469e-01   7.4193e-15   7.7653e-33
   1.9979e-01  -1.1102e-15   1.5568e-33  -5.9469e-01   6.7829e-01   3.8255e-01  -4.2188e-15   1.5568e-33
  -5.5511e-16  -7.0711e-01            0   1.1102e-15  -5.5511e-16   8.6042e-15   7.0711e-01            0
            0            0  -7.0711e-01            0            0            0            0   7.0711e-01
MO Coefficient Matrix for Beta: 
   6.7657e-01   5.3886e-16            0  -3.8234e-01   2.0554e-01   5.9483e-01   1.9008e-15            0
   2.0554e-01  -1.0828e-15            0   5.9483e-01  -6.7657e-01   3.8234e-01   1.6933e-15            0
   9.5066e-17  -7.0711e-01            0  -9.3556e-16  -1.0025e-16   2.2100e-15  -7.0711e-01            0
            0            0  -7.0711e-01            0            0            0            0  -7.0711e-01
   6.7657e-01  -2.6881e-16            0   3.8234e-01   2.0554e-01  -5.9483e-01  -2.0659e-15            0
  -2.0554e-01  -6.5214e-16            0   5.9483e-01   6.7657e-01   3.8234e-01   9.1053e-16            0
   1.1102e-16  -7.0711e-01            0  -7.7716e-16   6.1062e-16  -2.4980e-15   7.0711e-01            0
            0            0  -7.0711e-01            0            0            0            0   7.0711e-01
p: 4 q: 1
Density Matrix for Alpha: 
   6.0642e-01  -9.1978e-02   9.3357e-17   1.5075e-33   3.1374e-01  -3.6302e-01  -1.2292e-16   1.5075e-33
  -9.1978e-02   3.9358e-01  -4.6164e-17   1.1243e-33   3.6302e-01   3.1374e-01  -2.6694e-16   1.1243e-33
   9.3357e-17  -4.6164e-17   5.0000e-01   1.5730e-17   3.1095e-16   5.7220e-17   5.0000e-01   1.5730e-17
   1.5075e-33   1.1243e-33   1.5730e-17   5.0000e-01  -5.4909e-33  -1.1008e-33            0   5.0000e-01
   3.1374e-01   3.6302e-01   3.1095e-16  -5.4909e-33   6.0642e-01   9.1978e-02  -7.5211e-17  -5.4909e-33
  -3.6302e-01   3.1374e-01   5.7220e-17  -1.1008e-33   9.1978e-02   3.9358e-01   1.3898e-17  -1.1008e-33
  -1.2292e-16  -2.6694e-16   5.0000e-01            0  -7.5211e-17   1.3898e-17   5.0000e-01            0
   1.5075e-33   1.1243e-33   1.5730e-17   5.0000e-01  -5.4909e-33  -1.1008e-33            0   5.0000e-01
Density Matrix for Beta: 
   4.5775e-01   1.3906e-01   6.4319e-17            0   4.5775e-01  -1.3906e-01   7.5115e-17            0
   1.3906e-01   4.2247e-02   1.9540e-17            0   1.3906e-01  -4.2247e-02   2.2820e-17            0
   6.4319e-17   1.9540e-17   9.0376e-33            0   6.4319e-17  -1.9540e-17   1.0554e-32            0
            0            0            0            0            0            0            0            0
   4.5775e-01   1.3906e-01   6.4319e-17            0   4.5775e-01  -1.3906e-01   7.5115e-17            0
  -1.3906e-01  -4.2247e-02  -1.9540e-17            0  -1.3906e-01   4.2247e-02  -2.2820e-17            0
   7.5115e-17   2.2820e-17   1.0554e-32            0   7.5115e-17  -2.2820e-17   1.2326e-32            0
            0            0            0            0            0            0            0            0
Total Density Matrix: 
   1.0642e+00   4.7085e-02   1.5768e-16   1.5075e-33   7.7149e-01  -5.0208e-01  -4.7809e-17   1.5075e-33
   4.7085e-02   4.3582e-01  -2.6625e-17   1.1243e-33   5.0208e-01   2.7149e-01  -2.4412e-16   1.1243e-33
   1.5768e-16  -2.6625e-17   5.0000e-01   1.5730e-17   3.7527e-16   3.7680e-17   5.0000e-01   1.5730e-17
   1.5075e-33   1.1243e-33   1.5730e-17   5.0000e-01  -5.4909e-33  -1.1008e-33            0   5.0000e-01
   7.7149e-01   5.0208e-01   3.7527e-16  -5.4909e-33   1.0642e+00  -4.7085e-02  -9.6306e-20  -5.4909e-33
  -5.0208e-01   2.7149e-01   3.7680e-17  -1.1008e-33  -4.7085e-02   4.3582e-01  -8.9214e-18  -1.1008e-33
  -4.7809e-17  -2.4412e-16   5.0000e-01            0  -9.6306e-20  -8.9214e-18   5.0000e-01            0
   1.5075e-33   1.1243e-33   1.5730e-17   5.0000e-01  -5.4909e-33  -1.1008e-33            0   5.0000e-01
Total Density Vector
   2.5000
   2.5000
Iteration: 8
Fock Matrix for Alpha: 
  -1.1096e+02   1.7726e+00  -1.7992e-15  -2.9053e-32  -2.4984e+01   1.7996e+01   2.0360e-15  -2.4969e-32
   1.7726e+00  -9.4812e+01   8.8970e-16  -2.1668e-32  -1.7996e+01  -9.1718e+00   4.4213e-15  -1.8622e-32
  -1.7992e-15   8.8970e-16  -9.6863e+01  -3.0316e-16  -5.1503e-15  -9.4773e-16  -2.4824e+01  -2.6054e-16
  -2.9053e-32  -2.1668e-32  -3.0316e-16  -9.6863e+01   9.0946e-32   1.8233e-32            0  -2.4824e+01
  -2.4984e+01  -1.7996e+01  -5.1503e-15   9.0946e-32  -1.1096e+02  -1.7726e+00   1.4495e-15   1.0582e-31
   1.7996e+01  -9.1718e+00  -9.4773e-16   1.8233e-32  -1.7726e+00  -9.4812e+01  -2.6785e-16   2.1215e-32
   2.0360e-15   4.4213e-15  -2.4824e+01            0   1.4495e-15  -2.6785e-16  -9.6863e+01            0
  -2.4969e-32  -1.8622e-32  -2.6054e-16  -2.4824e+01   1.0582e-31   2.1215e-32            0  -9.6863e+01
Fock Matrix for Beta: 
  -1.0809e+02  -2.6801e+00  -1.2396e-15            0  -2.7369e+01   1.4286e+01  -1.2441e-15            0
  -2.6801e+00  -8.8041e+01  -3.7658e-16            0  -1.4286e+01  -3.2756e+00  -3.7796e-16            0
  -1.2396e-15  -3.7658e-16  -8.7227e+01            0  -1.0653e-15   3.2364e-16  -1.6543e+01            0
            0            0            0  -8.7227e+01            0            0            0  -1.6543e+01
  -2.7369e+01  -1.4286e+01  -1.0653e-15            0  -1.0809e+02   2.6801e+00  -1.4476e-15            0
   1.4286e+01  -3.2756e+00   3.2364e-16            0   2.6801e+00  -8.8041e+01   4.3979e-16            0
  -1.2441e-15  -3.7796e-16  -1.6543e+01            0  -1.4476e-15   4.3979e-16  -8.7227e+01            0
            0            0            0  -1.6543e+01            0            0            0  -8.7227e+01
after solving eigen quation: 8
MO Coefficient Matrix for Alpha: 
   6.7829e-01  -1.0768e-15  -7.1123e-34   3.8256e-01  -1.9979e-01  -5.9468e-01  -7.3654e-15  -7.1123e-34
   1.9979e-01   1.6217e-15  -5.3043e-34  -5.9468e-01   6.7829e-01  -3.8256e-01  -5.4403e-15  -5.3043e-34
  -3.5679e-16  -7.0711e-01  -7.4212e-18  -1.5239e-15  -5.4121e-16   9.0194e-15  -7.0711e-01  -7.4212e-18
            0            0  -7.0711e-01            0            0            0            0  -7.0711e-01
   6.7829e-01   9.6417e-17   3.0143e-33  -3.8256e-01  -1.9979e-01   5.9468e-01   7.8566e-15   3.0143e-33
  -1.9979e-01   1.2488e-15   6.0431e-34  -5.9468e-01  -6.7829e-01  -3.8256e-01  -4.2196e-15   6.0431e-34
  -5.5237e-16  -7.0711e-01            0  -1.4557e-15   1.0302e-15  -9.4247e-15   7.0711e-01            0
            0            0  -7.0711e-01            0            0            0            0   7.0711e-01
MO Coefficient Matrix for Beta: 
   6.7657e-01   5.9290e-17   4.7432e-17  -3.8234e-01   2.0554e-01  -5.9483e-01  -5.8589e-17  -4.8295e-17
   2.0554e-01   1.4823e-17   1.1858e-17   5.9483e-01  -6.7657e-01  -3.8234e-01  -1.4647e-17  -1.2074e-17
            0   5.5216e-01   4.4173e-01  -4.4409e-16  -5.8287e-16   4.4409e-16  -5.4563e-01  -4.4976e-01
            0   4.4173e-01  -5.5216e-01            0            0            0   4.4976e-01  -5.4563e-01
   6.7657e-01            0            0   3.8234e-01   2.0554e-01   5.9483e-01            0            0
  -2.0554e-01   4.4409e-16   3.8858e-16   5.9483e-01   6.7657e-01  -3.8234e-01  -4.4409e-16  -3.8858e-16
            0   5.5216e-01   4.4173e-01            0            0            0   5.4563e-01   4.4976e-01
            0   4.4173e-01  -5.5216e-01            0            0            0  -4.4976e-01   5.4563e-01
p: 4 q: 1
Density Matrix for Alpha: 
   6.0643e-01  -9.1984e-02  -6.3608e-17   5.0291e-34   3.1373e-01  -3.6302e-01  -1.7019e-16   5.0291e-34
  -9.1984e-02   3.9357e-01  -3.1174e-16   3.7507e-34   3.6302e-01   3.1373e-01  -3.9136e-16   3.7507e-34
  -6.3608e-17  -3.1174e-16   5.0000e-01   5.2476e-18   2.7280e-16   9.4494e-17   5.0000e-01   5.2476e-18
   5.0291e-34   3.7507e-34   5.2476e-18   5.0000e-01  -2.1314e-33  -4.2731e-34            0   5.0000e-01
   3.1373e-01   3.6302e-01   2.7280e-16  -2.1314e-33   6.0643e-01   9.1984e-02   1.1406e-16  -2.1314e-33
  -3.6302e-01   3.1373e-01   9.4494e-17  -4.2731e-34   9.1984e-02   3.9357e-01   9.3026e-17  -4.2731e-34
  -1.7019e-16  -3.9136e-16   5.0000e-01            0   1.1406e-16   9.3026e-17   5.0000e-01            0
   5.0291e-34   3.7507e-34   5.2476e-18   5.0000e-01  -2.1314e-33  -4.2731e-34            0   5.0000e-01
Density Matrix for Beta: 
   0.4578   0.1391        0        0   0.4578  -0.1391        0        0
   0.1391   0.0422        0        0   0.1391  -0.0422        0        0
        0        0        0        0        0        0        0        0
        0        0        0        0        0        0        0        0
   0.4578   0.1391        0        0   0.4578  -0.1391        0        0
  -0.1391  -0.0422        0        0  -0.1391   0.0422        0        0
        0        0        0        0        0        0        0        0
        0        0        0        0        0        0        0        0
Total Density Matrix: 
   1.0642e+00   4.7079e-02  -6.3608e-17   5.0291e-34   7.7149e-01  -5.0208e-01  -1.7019e-16   5.0291e-34
   4.7079e-02   4.3581e-01  -3.1174e-16   3.7507e-34   5.0208e-01   2.7149e-01  -3.9136e-16   3.7507e-34
  -6.3608e-17  -3.1174e-16   5.0000e-01   5.2476e-18   2.7280e-16   9.4494e-17   5.0000e-01   5.2476e-18
   5.0291e-34   3.7507e-34   5.2476e-18   5.0000e-01  -2.1314e-33  -4.2731e-34            0   5.0000e-01
   7.7149e-01   5.0208e-01   2.7280e-16  -2.1314e-33   1.0642e+00  -4.7079e-02   1.1406e-16  -2.1314e-33
  -5.0208e-01   2.7149e-01   9.4494e-17  -4.2731e-34  -4.7079e-02   4.3581e-01   9.3026e-17  -4.2731e-34
  -1.7019e-16  -3.9136e-16   5.0000e-01            0   1.1406e-16   9.3026e-17   5.0000e-01            0
   5.0291e-34   3.7507e-34   5.2476e-18   5.0000e-01  -2.1314e-33  -4.2731e-34            0   5.0000e-01
Total Density Vector
   2.5000
   2.5000
Iteration: 9
Fock Matrix for Alpha: 
  -1.1096e+02   1.7727e+00   1.2259e-15  -9.6923e-33  -2.4984e+01   1.7996e+01   2.8188e-15  -8.3297e-33
   1.7727e+00  -9.4812e+01   6.0079e-15  -7.2285e-33  -1.7996e+01  -9.1716e+00   6.4820e-15  -6.2123e-33
   1.2259e-15   6.0079e-15  -9.6863e+01  -1.0113e-16  -4.5184e-15  -1.5651e-15  -2.4824e+01  -8.6916e-17
  -9.6923e-33  -7.2285e-33  -1.0113e-16  -9.6863e+01   3.5303e-32   7.0776e-33            0  -2.4824e+01
  -2.4984e+01  -1.7996e+01  -4.5184e-15   3.5303e-32  -1.1096e+02  -1.7727e+00  -2.1982e-15   4.1078e-32
   1.7996e+01  -9.1716e+00  -1.5651e-15   7.0776e-33  -1.7727e+00  -9.4812e+01  -1.7928e-15   8.2353e-33
   2.8188e-15   6.4820e-15  -2.4824e+01            0  -2.1982e-15  -1.7928e-15  -9.6863e+01            0
  -8.3297e-33  -6.2123e-33  -8.6916e-17  -2.4824e+01   4.1078e-32   8.2353e-33            0  -9.6863e+01
Fock Matrix for Beta: 
  -1.0809e+02  -2.6801e+00            0            0  -2.7369e+01   1.4286e+01            0            0
  -2.6801e+00  -8.8041e+01            0            0  -1.4286e+01  -3.2756e+00            0            0
            0            0  -8.7227e+01            0            0            0  -1.6543e+01            0
            0            0            0  -8.7227e+01            0            0            0  -1.6543e+01
  -2.7369e+01  -1.4286e+01            0            0  -1.0809e+02   2.6801e+00            0            0
   1.4286e+01  -3.2756e+00            0            0   2.6801e+00  -8.8041e+01            0            0
            0            0  -1.6543e+01            0            0            0  -8.7227e+01            0
            0            0            0  -1.6543e+01            0            0            0  -8.7227e+01
after solving eigen quation: 9
MO Coefficient Matrix for Alpha: 
   6.7829e-01   1.5778e-15  -2.3727e-34   3.8256e-01  -1.9979e-01  -5.9468e-01  -3.9562e-15  -2.3727e-34
   1.9979e-01  -1.2096e-15  -1.7695e-34  -5.9468e-01   6.7829e-01  -3.8256e-01  -2.8020e-15  -1.7695e-34
  -6.0686e-16   7.0711e-01  -2.4758e-18  -1.6492e-15  -8.1756e-17   4.8104e-15  -7.0711e-01  -2.4758e-18
            0            0  -7.0711e-01            0            0            0            0  -7.0711e-01
   6.7829e-01   6.9102e-17   1.1701e-33  -3.8256e-01  -1.9979e-01   5.9468e-01   4.3171e-15   1.1701e-33
  -1.9979e-01  -1.3764e-15   2.3458e-34  -5.9468e-01  -6.7829e-01  -3.8256e-01  -2.3409e-15   2.3458e-34
  -9.3853e-16   7.0711e-01            0  -1.3273e-15   3.8214e-16  -4.9510e-15   7.0711e-01            0
            0            0  -7.0711e-01            0            0            0            0   7.0711e-01
MO Coefficient Matrix for Beta: 
  -6.7657e-01            0            0   3.8234e-01   2.0554e-01   5.9483e-01            0            0
  -2.0554e-01            0            0  -5.9483e-01  -6.7657e-01   3.8234e-01            0            0
            0  -7.0711e-01  -1.4963e-16            0            0            0   6.4051e-01   2.9958e-01
            0            0   7.0711e-01            0            0            0  -2.9958e-01   6.4051e-01
  -6.7657e-01            0            0  -3.8234e-01   2.0554e-01  -5.9483e-01            0            0
   2.0554e-01            0            0  -5.9483e-01   6.7657e-01   3.8234e-01            0            0
            0  -7.0711e-01   1.1102e-16            0            0            0  -6.4051e-01  -2.9958e-01
            0            0   7.0711e-01            0            0            0   2.9958e-01  -6.4051e-01
p: 4 q: 1
Density Matrix for Alpha: 
   6.0644e-01  -9.1986e-02   7.3081e-17   1.6777e-34   3.1373e-01  -3.6302e-01  -2.8710e-17   1.6777e-34
  -9.1986e-02   3.9356e-01   4.1871e-18   1.2512e-34   3.6302e-01   3.1373e-01  -2.5355e-16   1.2512e-34
   7.3081e-17   4.1871e-18   5.0000e-01   1.7506e-18   2.6817e-16   1.2879e-16   5.0000e-01   1.7506e-18
   1.6777e-34   1.2512e-34   1.7506e-18   5.0000e-01  -8.2737e-34  -1.6587e-34            0   5.0000e-01
   3.1373e-01   3.6302e-01   2.6817e-16  -8.2737e-34   6.0644e-01   9.1986e-02  -7.9972e-17  -8.2737e-34
  -3.6302e-01   3.1373e-01   1.2879e-16  -1.6587e-34   9.1986e-02   3.9356e-01   3.5766e-18  -1.6587e-34
  -2.8710e-17  -2.5355e-16   5.0000e-01            0  -7.9972e-17   3.5766e-18   5.0000e-01            0
   1.6777e-34   1.2512e-34   1.7506e-18   5.0000e-01  -8.2737e-34  -1.6587e-34            0   5.0000e-01
Density Matrix for Beta: 
   0.4578   0.1391        0        0   0.4578  -0.1391        0        0
   0.1391   0.0422        0        0   0.1391  -0.0422        0        0
        0        0        0        0        0        0        0        0
        0        0        0        0        0        0        0        0
   0.4578   0.1391        0        0   0.4578  -0.1391        0        0
  -0.1391  -0.0422        0        0  -0.1391   0.0422        0        0
        0        0        0        0        0        0        0        0
        0        0        0        0        0        0        0        0
Total Density Matrix: 
   1.0642e+00   4.7077e-02   7.3081e-17   1.6777e-34   7.7148e-01  -5.0208e-01  -2.8710e-17   1.6777e-34
   4.7077e-02   4.3581e-01   4.1871e-18   1.2512e-34   5.0208e-01   2.7148e-01  -2.5355e-16   1.2512e-34
   7.3081e-17   4.1871e-18   5.0000e-01   1.7506e-18   2.6817e-16   1.2879e-16   5.0000e-01   1.7506e-18
   1.6777e-34   1.2512e-34   1.7506e-18   5.0000e-01  -8.2737e-34  -1.6587e-34            0   5.0000e-01
   7.7148e-01   5.0208e-01   2.6817e-16  -8.2737e-34   1.0642e+00  -4.7077e-02  -7.9972e-17  -8.2737e-34
  -5.0208e-01   2.7148e-01   1.2879e-16  -1.6587e-34  -4.7077e-02   4.3581e-01   3.5766e-18  -1.6587e-34
  -2.8710e-17  -2.5355e-16   5.0000e-01            0  -7.9972e-17   3.5766e-18   5.0000e-01            0
   1.6777e-34   1.2512e-34   1.7506e-18   5.0000e-01  -8.2737e-34  -1.6587e-34            0   5.0000e-01
Total Density Vector
   2.5000
   2.5000
Iteration: 10
Fock Matrix for Alpha: 
  -1.1096e+02   1.7728e+00  -1.4084e-15  -3.2334e-33  -2.4984e+01   1.7996e+01   4.7553e-16  -2.7788e-33
   1.7728e+00  -9.4812e+01  -8.0695e-17  -2.4114e-33  -1.7996e+01  -9.1716e+00   4.1995e-15  -2.0724e-33
  -1.4084e-15  -8.0695e-17  -9.6863e+01  -3.3739e-17  -4.4417e-15  -2.1331e-15  -2.4824e+01  -2.8995e-17
  -3.2334e-33  -2.4114e-33  -3.3739e-17  -9.6863e+01   1.3704e-32   2.7473e-33            0  -2.4824e+01
  -2.4984e+01  -1.7996e+01  -4.4417e-15   1.3704e-32  -1.1096e+02  -1.7728e+00   1.5412e-15   1.5945e-32
   1.7996e+01  -9.1716e+00  -2.1331e-15   2.7473e-33  -1.7728e+00  -9.4812e+01  -6.8930e-17   3.1967e-33
   4.7553e-16   4.1995e-15  -2.4824e+01            0   1.5412e-15  -6.8930e-17  -9.6863e+01            0
  -2.7788e-33  -2.0724e-33  -2.8995e-17  -2.4824e+01   1.5945e-32   3.1967e-33            0  -9.6863e+01
Fock Matrix for Beta: 
  -1.0809e+02  -2.6801e+00            0            0  -2.7369e+01   1.4286e+01            0            0
  -2.6801e+00  -8.8041e+01            0            0  -1.4286e+01  -3.2756e+00            0            0
            0            0  -8.7227e+01            0            0            0  -1.6543e+01            0
            0            0            0  -8.7227e+01            0            0            0  -1.6543e+01
  -2.7369e+01  -1.4286e+01            0            0  -1.0809e+02   2.6801e+00            0            0
   1.4286e+01  -3.2756e+00            0            0   2.6801e+00  -8.8041e+01            0            0
            0            0  -1.6543e+01            0            0            0  -8.7227e+01            0
            0            0            0  -1.6543e+01            0            0            0  -8.7227e+01
after solving eigen quation: 10
MO Coefficient Matrix for Alpha: 
   6.7830e-01  -9.3152e-16  -7.9153e-35   3.8256e-01  -1.9979e-01   5.9468e-01  -1.4724e-15  -7.9153e-35
   1.9979e-01   6.0012e-16  -5.9032e-35  -5.9468e-01   6.7830e-01   3.8256e-01  -8.2008e-16  -5.9032e-35
  -3.0026e-16  -7.0711e-01  -8.2592e-19  -9.3870e-16  -1.0111e-16  -2.0460e-15  -7.0711e-01  -8.2592e-19
            0            0  -7.0711e-01            0            0            0            0  -7.0711e-01
   6.7830e-01  -1.6917e-17   4.5419e-34  -3.8256e-01  -1.9979e-01  -5.9468e-01   1.8438e-15   4.5419e-34
  -1.9979e-01   7.6948e-16   9.1057e-35  -5.9468e-01  -6.7830e-01   3.8256e-01  -9.1267e-16   9.1057e-35
  -6.2313e-16  -7.0711e-01            0  -6.9206e-16   8.3713e-17   1.8651e-15   7.0711e-01            0
            0            0  -7.0711e-01            0            0            0            0   7.0711e-01
MO Coefficient Matrix for Beta: 
   6.7657e-01   3.8015e-16            0  -3.8234e-01  -2.0554e-01  -5.9483e-01   3.8802e-16            0
   2.0554e-01  -3.6189e-16            0   5.9483e-01   6.7657e-01  -3.8234e-01  -1.1518e-17            0
  -2.7756e-17   7.0711e-01            0   5.5511e-16   1.1102e-16   5.5511e-16   7.0711e-01            0
            0            0  -7.0711e-01            0            0            0            0  -7.0711e-01
   6.7657e-01  -2.3974e-16            0   3.8234e-01  -2.0554e-01   5.9483e-01  -2.6207e-16            0
  -2.0554e-01  -3.7981e-16            0   5.9483e-01  -6.7657e-01  -3.8234e-01   2.8108e-16            0
  -1.1102e-16   7.0711e-01            0   3.3307e-16  -1.6653e-16  -2.7756e-16  -7.0711e-01            0
            0            0  -7.0711e-01            0            0            0            0   7.0711e-01
p: 4 q: 1
Density Matrix for Alpha: 
   6.0644e-01  -9.1987e-02   9.5910e-17   5.5970e-35   3.1373e-01  -3.6302e-01  -2.8735e-17   5.5970e-35
  -9.1987e-02   3.9356e-01   7.3892e-17   4.1742e-35   3.6302e-01   3.1373e-01  -1.3729e-16   4.1742e-35
   9.5910e-17   7.3892e-17   5.0000e-01   5.8401e-19   1.6741e-16   7.4107e-17   5.0000e-01   5.8401e-19
   5.5970e-35   4.1742e-35   5.8401e-19   5.0000e-01  -3.2116e-34  -6.4387e-35            0   5.0000e-01
   3.1373e-01   3.6302e-01   1.6741e-16  -3.2116e-34   6.0644e-01   9.1987e-02  -1.4595e-16  -3.2116e-34
  -3.6302e-01   3.1373e-01   7.4107e-17  -6.4387e-35   9.1987e-02   3.9356e-01  -8.0612e-18  -6.4387e-35
  -2.8735e-17  -1.3729e-16   5.0000e-01            0  -1.4595e-16  -8.0612e-18   5.0000e-01            0
   5.5970e-35   4.1742e-35   5.8401e-19   5.0000e-01  -3.2116e-34  -6.4387e-35            0   5.0000e-01
Density Matrix for Beta: 
   4.5775e-01   1.3906e-01  -1.8779e-17            0   4.5775e-01  -1.3906e-01  -7.5115e-17            0
   1.3906e-01   4.2247e-02  -5.7049e-18            0   1.3906e-01  -4.2247e-02  -2.2820e-17            0
  -1.8779e-17  -5.7049e-18   7.7037e-34            0  -1.8779e-17   5.7049e-18   3.0815e-33            0
            0            0            0            0            0            0            0            0
   4.5775e-01   1.3906e-01  -1.8779e-17            0   4.5775e-01  -1.3906e-01  -7.5115e-17            0
  -1.3906e-01  -4.2247e-02   5.7049e-18            0  -1.3906e-01   4.2247e-02   2.2820e-17            0
  -7.5115e-17  -2.2820e-17   3.0815e-33            0  -7.5115e-17   2.2820e-17   1.2326e-32            0
            0            0            0            0            0            0            0            0
Total Density Matrix: 
   1.0642e+00   4.7076e-02   7.7131e-17   5.5970e-35   7.7148e-01  -5.0208e-01  -1.0385e-16   5.5970e-35
   4.7076e-02   4.3581e-01   6.8188e-17   4.1742e-35   5.0208e-01   2.7148e-01  -1.6011e-16   4.1742e-35
   7.7131e-17   6.8188e-17   5.0000e-01   5.8401e-19   1.4863e-16   7.9812e-17   5.0000e-01   5.8401e-19
   5.5970e-35   4.1742e-35   5.8401e-19   5.0000e-01  -3.2116e-34  -6.4387e-35            0   5.0000e-01
   7.7148e-01   5.0208e-01   1.4863e-16  -3.2116e-34   1.0642e+00  -4.7076e-02  -2.2106e-16  -3.2116e-34
  -5.0208e-01   2.7148e-01   7.9812e-17  -6.4387e-35  -4.7076e-02   4.3581e-01   1.4758e-17  -6.4387e-35
  -1.0385e-16  -1.6011e-16   5.0000e-01            0  -2.2106e-16   1.4758e-17   5.0000e-01            0
   5.5970e-35   4.1742e-35   5.8401e-19   5.0000e-01  -3.2116e-34  -6.4387e-35            0   5.0000e-01
Total Density Vector
   2.5000
   2.5000
Iteration: 11
Fock Matrix for Alpha: 
  -1.1096e+02   1.7728e+00  -1.8484e-15  -1.0787e-33  -2.4984e+01   1.7996e+01   4.7594e-16  -9.2702e-34
   1.7728e+00  -9.4812e+01  -1.4241e-15  -8.0446e-34  -1.7996e+01  -9.1716e+00   2.2739e-15  -6.9137e-34
  -1.8484e-15  -1.4241e-15  -9.6863e+01  -1.1255e-17  -2.7729e-15  -1.2274e-15  -2.4824e+01  -9.6730e-18
  -1.0787e-33  -8.0446e-34  -1.1255e-17  -9.6863e+01   5.3194e-33   1.0664e-33            0  -2.4824e+01
  -2.4984e+01  -1.7996e+01  -2.7729e-15   5.3194e-33  -1.1096e+02  -1.7728e+00   2.8127e-15   6.1896e-33
   1.7996e+01  -9.1716e+00  -1.2274e-15   1.0664e-33  -1.7728e+00  -9.4812e+01   1.5536e-16   1.2409e-33
   4.7594e-16   2.2739e-15  -2.4824e+01            0   2.8127e-15   1.5536e-16  -9.6863e+01            0
  -9.2702e-34  -6.9137e-34  -9.6730e-18  -2.4824e+01   6.1896e-33   1.2409e-33            0  -9.6863e+01
Fock Matrix for Beta: 
  -1.0809e+02  -2.6801e+00   3.6191e-16            0  -2.7369e+01   1.4286e+01   1.2441e-15            0
  -2.6801e+00  -8.8041e+01   1.0995e-16            0  -1.4286e+01  -3.2756e+00   3.7796e-16            0
   3.6191e-16   1.0995e-16  -8.7227e+01            0   3.1103e-16  -9.4490e-17  -1.6543e+01            0
            0            0            0  -8.7227e+01            0            0            0  -1.6543e+01
  -2.7369e+01  -1.4286e+01   3.1103e-16            0  -1.0809e+02   2.6801e+00   1.4476e-15            0
   1.4286e+01  -3.2756e+00  -9.4490e-17            0   2.6801e+00  -8.8041e+01  -4.3979e-16            0
   1.2441e-15   3.7796e-16  -1.6543e+01            0   1.4476e-15  -4.3979e-16  -8.7227e+01            0
            0            0            0  -1.6543e+01            0            0            0  -8.7227e+01
after solving eigen quation: 11
MO Coefficient Matrix for Alpha: 
   6.7830e-01   5.3825e-17  -2.6406e-35  -3.8257e-01  -1.9979e-01   5.9468e-01   3.0598e-17  -2.6406e-35
   1.9979e-01   1.9384e-16  -1.9693e-35   5.9468e-01   6.7830e-01   3.8257e-01  -4.5681e-17  -1.9693e-35
   5.7219e-17  -7.0711e-01  -2.7553e-19   7.8967e-17   8.0605e-18  -7.8577e-17   7.0711e-01  -2.7553e-19
   1.9259e-34            0  -7.0711e-01            0            0            0            0  -7.0711e-01
   6.7830e-01  -2.8820e-17   1.7631e-34   3.8257e-01  -1.9979e-01  -5.9468e-01  -4.6139e-18   1.7631e-34
  -1.9979e-01   3.5346e-35   3.5346e-35   5.9468e-01  -6.7830e-01   3.8257e-01   3.5346e-35   3.5346e-35
  -1.5921e-18  -7.0711e-01            0  -7.2192e-18  -1.8805e-18   6.2567e-17  -7.0711e-01            0
            0            0  -7.0711e-01            0            0            0            0   7.0711e-01
MO Coefficient Matrix for Beta: 
  -6.7657e-01  -2.5820e-16   9.6824e-16   3.8234e-01   2.0554e-01   5.9483e-01   2.3934e-15   9.0279e-16
  -2.0554e-01   2.4603e-16  -9.2262e-16  -5.9483e-01  -6.7657e-01   3.8234e-01   1.3219e-15   4.9864e-16
  -3.3307e-16   1.8220e-01  -6.8323e-01   1.6653e-15  -5.8287e-16  -2.9976e-15   6.6160e-01   2.4956e-01
   1.7258e-34   6.8323e-01   1.8220e-01  -1.7749e-30  -1.1565e-32   8.2830e-30  -2.4956e-01   6.6160e-01
  -6.7657e-01   2.4980e-16  -8.8818e-16  -3.8234e-01   2.0554e-01  -5.9483e-01  -2.4425e-15  -9.4369e-16
   2.0554e-01   4.1633e-16  -1.5543e-15  -5.9483e-01   6.7657e-01   3.8234e-01   1.8874e-15   7.2164e-16
            0   1.8220e-01  -6.8323e-01   1.5543e-15            0   3.2196e-15  -6.6160e-01  -2.4956e-01
   5.3476e-35   6.8323e-01   1.8220e-01  -2.6180e-30   2.5122e-32  -9.6811e-30   2.4956e-01  -6.6160e-01
p: 4 q: 1
Density Matrix for Alpha: 
   6.0644e-01  -9.1988e-02  -2.9459e-17   1.4931e-34   3.1373e-01  -3.6302e-01  -3.6378e-17   1.8672e-35
  -9.1988e-02   3.9356e-01  -7.8671e-17   5.2403e-35   3.6302e-01   3.1373e-01  -1.4167e-16   1.3925e-35
  -2.9459e-17  -7.8671e-17   5.0000e-01   1.9483e-19   8.9400e-17   3.5528e-17   5.0000e-01   1.9483e-19
   1.4931e-34   5.2403e-35   1.9483e-19   5.0000e-01   5.9678e-36  -6.3471e-35  -3.0663e-52   5.0000e-01
   3.1373e-01   3.6302e-01   8.9400e-17   5.9678e-36   6.0644e-01   9.1988e-02   1.6537e-17  -1.2467e-34
  -3.6302e-01   3.1373e-01   3.5528e-17  -6.3471e-35   9.1988e-02   3.9356e-01  -3.9750e-18  -2.4993e-35
  -3.6378e-17  -1.4167e-16   5.0000e-01  -3.0663e-52   1.6537e-17  -3.9750e-18   5.0000e-01            0
   1.8672e-35   1.3925e-35   1.9483e-19   5.0000e-01  -1.2467e-34  -2.4993e-35            0   5.0000e-01
Density Matrix for Beta: 
   4.5775e-01   1.3906e-01   2.2534e-16  -1.1676e-34   4.5775e-01  -1.3906e-01            0  -3.6180e-35
   1.3906e-01   4.2247e-02   6.8459e-17  -3.5471e-35   1.3906e-01  -4.2247e-02            0  -1.0991e-35
   2.2534e-16   6.8459e-17   1.1093e-31  -5.7479e-50   2.2534e-16  -6.8459e-17            0  -1.7811e-50
  -1.1676e-34  -3.5471e-35  -5.7479e-50   2.9782e-68  -1.1676e-34   3.5471e-35            0   9.2285e-69
   4.5775e-01   1.3906e-01   2.2534e-16  -1.1676e-34   4.5775e-01  -1.3906e-01            0  -3.6180e-35
  -1.3906e-01  -4.2247e-02  -6.8459e-17   3.5471e-35  -1.3906e-01   4.2247e-02            0   1.0991e-35
            0            0            0            0            0            0            0            0
  -3.6180e-35  -1.0991e-35  -1.7811e-50   9.2285e-69  -3.6180e-35   1.0991e-35            0   2.8596e-69
Total Density Matrix: 
   1.0642e+00   4.7076e-02   1.9589e-16   3.2547e-35   7.7148e-01  -5.0208e-01  -3.6378e-17  -1.7509e-35
   4.7076e-02   4.3581e-01  -1.0212e-17   1.6932e-35   5.0208e-01   2.7148e-01  -1.4167e-16   2.9338e-36
   1.9589e-16  -1.0212e-17   5.0000e-01   1.9483e-19   3.1474e-16  -3.2930e-17   5.0000e-01   1.9483e-19
   3.2547e-35   1.6932e-35   1.9483e-19   5.0000e-01  -1.1079e-34  -2.8000e-35  -3.0663e-52   5.0000e-01
   7.7148e-01   5.0208e-01   3.1474e-16  -1.1079e-34   1.0642e+00  -4.7076e-02   1.6537e-17  -1.6085e-34
  -5.0208e-01   2.7148e-01  -3.2930e-17  -2.8000e-35  -4.7076e-02   4.3581e-01  -3.9750e-18  -1.4002e-35
  -3.6378e-17  -1.4167e-16   5.0000e-01  -3.0663e-52   1.6537e-17  -3.9750e-18   5.0000e-01            0
  -1.7509e-35   2.9338e-36   1.9483e-19   5.0000e-01  -1.6085e-34  -1.4002e-35            0   5.0000e-01
Total Density Vector
   2.5000
   2.5000
Converged!
Ea
  -1.4072e+02
  -1.2169e+02
  -1.2169e+02
  -1.1670e+02
  -8.0862e+01
  -7.3254e+01
  -7.2039e+01
  -7.2039e+01
Eb
  -1.4061e+02
  -1.0377e+02
  -1.0377e+02
  -9.8777e+01
  -7.9611e+01
  -7.3260e+01
  -7.0684e+01
  -7.0684e+01
Ca
   6.7830e-01   5.3825e-17  -2.6406e-35  -3.8257e-01  -1.9979e-01   5.9468e-01   3.0598e-17  -2.6406e-35
   1.9979e-01   1.9384e-16  -1.9693e-35   5.9468e-01   6.7830e-01   3.8257e-01  -4.5681e-17  -1.9693e-35
   5.7219e-17  -7.0711e-01  -2.7553e-19   7.8967e-17   8.0605e-18  -7.8577e-17   7.0711e-01  -2.7553e-19
   1.9259e-34            0  -7.0711e-01            0            0            0            0  -7.0711e-01
   6.7830e-01  -2.8820e-17   1.7631e-34   3.8257e-01  -1.9979e-01  -5.9468e-01  -4.6139e-18   1.7631e-34
  -1.9979e-01   3.5346e-35   3.5346e-35   5.9468e-01  -6.7830e-01   3.8257e-01   3.5346e-35   3.5346e-35
  -1.5921e-18  -7.0711e-01            0  -7.2192e-18  -1.8805e-18   6.2567e-17  -7.0711e-01            0
            0            0  -7.0711e-01            0            0            0            0   7.0711e-01
Cb
  -6.7657e-01  -2.5820e-16   9.6824e-16   3.8234e-01   2.0554e-01   5.9483e-01   2.3934e-15   9.0279e-16
  -2.0554e-01   2.4603e-16  -9.2262e-16  -5.9483e-01  -6.7657e-01   3.8234e-01   1.3219e-15   4.9864e-16
  -3.3307e-16   1.8220e-01  -6.8323e-01   1.6653e-15  -5.8287e-16  -2.9976e-15   6.6160e-01   2.4956e-01
   1.7258e-34   6.8323e-01   1.8220e-01  -1.7749e-30  -1.1565e-32   8.2830e-30  -2.4956e-01   6.6160e-01
  -6.7657e-01   2.4980e-16  -8.8818e-16  -3.8234e-01   2.0554e-01  -5.9483e-01  -2.4425e-15  -9.4369e-16
   2.0554e-01   4.1633e-16  -1.5543e-15  -5.9483e-01   6.7657e-01   3.8234e-01   1.8874e-15   7.2164e-16
            0   1.8220e-01  -6.8323e-01   1.5543e-15            0   3.2196e-15  -6.6160e-01  -2.4956e-01
   5.3476e-35   6.8323e-01   1.8220e-01  -2.6180e-30   2.5122e-32  -9.6811e-30   2.4956e-01  -6.6160e-01
Nuclear Repulsion Energy: 619.567eV
Electron Energy: -820.478eV
Total Energy: -200.91eV
